100
52 35 63 67 87 15 52 20 80 99 16 40 87 24 45 37 22 71 81 74 37 90 34 27 44 63 62 85 100 60 3 72 13 53 78 95 70 9 15 69 28 70 38 39 97 81 27 73 72 80 55 7 70 59 97 80 79 14 64 94 16 19 84 27 65 64 87 59 97 56 71 10 26 26 86 12 88 29 68 81 22 54 80 60 71 53 29 99 8 68 58 21 90 46 73 20 99 13 41 1 
16 79 76 6 26 68 20 8 65 16 46 49 70 15 59 56 78 98 5 60 88 15 49 33 81 52 5 73 21 9 100 6 71 14 5 79 86 40 29 74 82 55 13 37 29 28 37 11 31 41 1 27 75 79 42 84 91 9 7 68 72 79 22 77 92 58 94 74 96 84 50 65 90 29 85 74 84 6 52 25 82 86 51 85 47 84 16 6 63 48 25 87 28 87 30 88 30 5 42 90 
4 50 50 61 82 33 100 38 92 78 64 45 4 82 97 4 34 41 80 53 61 65 12 32 10 28 64 10 37 38 40 80 100 63 76 56 99 33 85 69 91 76 28 47 44 89 99 8 20 30 5 18 79 22 83 100 32 38 91 55 52 52 27 51 67 85 10 24 7 33 21 14 44 9 69 89 63 38 34 64 94 35 42 95 22 54 29 96 22 25 41 79 2 32 8 57 54 74 19 1 
40 90 51 93 43 45 32 47 70 47 68 57 20 11 6 69 97 57 31 86 7 15 91 22 70 72 19 15 84 30 12 40 9 72 63 19 42 59 5 45 17 70 21 35 81 73 63 66 97 82 90 16 9 69 98 44 98 13 2 97 47 48 50 33 43 1 13 80 44 54 17 24 72 57 89 67 15 92 87 99 61 93 2 26 32 92 39 85 97 31 52 23 45 7 86 9 83 44 21 18 
51 57 50 85 70 19 31 30 88 19 47 100 32 69 90 45 12 86 78 91 17 11 11 65 54 45 50 84 29 43 13 42 38 47 1 83 8 32 64 59 26 93 53 63 36 100 8 14 72 95 58 35 35 32 36 71 57 75 66 21 20 15 94 100 89 99 92 63 16 88 67 86 19 28 3 49 64 82 50 20 24 94 9 73 26 24 19 88 25 68 9 52 74 39 62 88 6 43 66 6 
56 77 41 8 62 27 30 100 57 10 5 83 68 97 5 9 66 52 43 63 69 24 66 18 98 52 40 46 66 18 93 97 74 14 32 16 32 7 96 87 9 98 75 34 9 16 8 19 95 95 26 37 70 76 38 77 67 62 11 39 25 33 41 99 10 16 81 87 35 29 28 24 34 94 45 81 49 30 97 100 46 74 1 4 16 75 53 41 77 9 55 26 70 6 95 23 43 97 20 46 
41 83 90 65 85 9 21 84 56 21 51 61 26 16 14 12 6 83 36 79 97 94 90 69 21 94 28 36 73 98 87 34 97 19 38 53 26 15 55 24 65 49 35 88 61 29 3 80 99 83 82 98 44 17 3 95 26 93 98 56 47 35 32 13 50 26 54 44 34 51 81 46 13 65 89 99 3 9 64 43 40 52 54 37 73 95 73 72 48 22 86 57 85 94 83 51 85 98 38 43 
33 22 27 44 60 28 7 47 24 63 86 43 88 46 96 14 64 49 91 41 60 83 55 57 59 53 69 81 6 27 2 57 73 23 25 21 37 86 18 70 77 49 60 83 61 100 82 78 69 64 21 58 66 70 14 100 35 16 81 7 40 63 5 81 3 94 17 66 88 82 27 97 92 95 47 58 26 2 32 18 87 100 83 3 26 80 33 10 86 52 20 60 9 14 30 95 63 39 23 9 
7 23 70 72 84 76 36 69 54 80 12 51 75 68 42 73 31 41 85 84 82 12 99 34 9 70 58 73 96 84 49 24 65 47 66 38 71 19 93 11 87 15 46 62 78 1 33 48 63 76 78 29 32 42 95 35 43 26 87 61 47 12 99 88 94 78 23 18 28 63 36 29 98 75 33 4 46 4 51 55 69 82 57 62 88 45 60 91 47 82 97 39 79 99 76 97 70 36 10 100 
89 25 79 6 72 36 92 48 90 3 6 20 51 42 95 92 68 78 50 5 11 95 69 51 81 18 85 10 96 84 90 5 57 78 33 79 45 5 30 9 63 91 24 12 27 53 65 57 24 5 24 51 34 39 98 99 7 70 8 94 54 2 8 25 19 97 52 44 31 88 10 68 1 9 77 51 5 17 90 21 14 88 7 91 96 68 46 28 66 44 17 24 26 53 36 82 22 83 10 6 
38 28 31 5 81 9 86 52 42 47 92 28 66 72 6 12 73 25 35 62 50 36 29 63 60 11 59 54 99 29 55 23 17 62 75 98 49 44 70 25 21 77 93 40 78 71 14 32 46 34 3 78 70 63 52 9 100 66 9 3 29 65 33 53 9 51 8 97 10 57 44 62 96 3 65 76 46 96 52 78 48 71 72 15 68 51 67 11 57 36 19 44 43 19 85 22 35 81 51 82 
11 43 99 94 82 68 39 15 17 12 4 72 13 31 2 43 72 32 59 63 88 17 89 52 2 30 31 85 90 44 12 57 5 27 97 5 71 54 36 16 88 12 24 43 7 2 39 70 11 98 11 40 59 74 50 97 11 26 20 45 40 39 72 11 8 16 24 27 97 51 53 95 18 55 33 94 92 8 64 100 92 92 33 37 2 89 54 32 72 21 88 15 19 47 24 69 61 31 14 78 
76 73 22 54 89 90 37 83 51 42 19 5 80 16 83 66 12 16 63 96 81 90 27 23 100 93 48 4 32 28 30 45 15 18 73 18 47 92 43 98 57 26 12 35 38 30 60 83 65 70 4 66 23 38 40 43 72 7 4 28 12 84 48 12 66 65 20 100 75 19 10 18 1 89 78 95 25 65 69 47 86 31 43 8 75 58 24 89 72 90 28 18 82 88 74 10 12 49 31 86 
11 99 41 42 51 96 11 18 93 37 60 67 18 71 73 22 23 17 62 99 17 89 81 91 7 15 58 5 79 86 37 49 8 31 57 27 78 19 79 13 42 38 73 30 71 3 28 81 5 19 1 23 29 9 57 12 37 11 80 69 45 84 26 33 68 78 55 31 5 36 28 96 82 75 59 55 26 44 82 58 88 42 47 41 5 30 38 13 6 73 65 90 91 7 23 62 45 98 72 89 
85 45 35 54 1 18 90 1 25 28 48 6 19 7 49 86 11 68 44 59 79 69 24 2 62 17 68 73 87 35 79 71 37 2 61 69 56 46 5 98 95 1 100 98 12 88 94 83 14 82 79 57 16 39 28 80 70 49 100 14 29 8 89 15 69 63 24 26 82 84 92 99 30 47 100 64 34 52 56 65 42 25 11 61 6 4 65 75 92 27 48 81 77 36 15 6 38 63 77 39 
22 1 25 94 47 60 95 94 16 69 25 14 42 14 89 33 9 87 48 62 54 55 76 64 59 35 80 81 10 19 10 78 23 27 75 45 64 69 35 59 45 28 5 53 11 48 87 68 58 19 48 43 18 24 69 17 21 62 86 78 1 18 20 79 13 76 29 53 29 86 92 31 11 47 56 21 91 99 14 56 40 6 46 19 6 79 4 24 50 29 42 76 36 19 64 89 40 3 36 39 
31 67 56 22 54 1 26 6 2 71 77 100 6 6 69 11 4 57 8 36 33 28 13 9 13 75 75 30 99 76 98 76 52 45 35 34 66 25 27 22 43 25 20 41 100 26 56 56 22 20 96 17 56 82 78 42 59 82 53 60 1 88 94 16 67 19 47 77 88 20 94 46 21 87 44 83 58 92 96 3 9 96 78 28 38 39 21 21 49 58 43 22 80 68 49 10 53 19 56 59 
88 49 48 81 74 43 76 53 57 60 80 56 77 75 79 90 25 44 11 70 61 100 41 89 89 47 23 79 96 79 2 85 87 85 23 86 83 65 29 46 20 56 74 56 35 69 27 50 27 5 86 4 19 77 27 38 69 17 58 77 81 43 47 68 16 54 5 70 11 80 2 36 96 58 1 90 46 36 23 47 39 56 94 71 85 48 26 44 7 77 69 13 99 44 100 40 87 91 80 40 
65 15 1 46 41 85 89 92 63 3 82 43 5 7 34 27 21 13 46 69 29 60 67 87 39 13 62 92 66 29 25 57 24 94 27 9 32 21 33 46 43 32 96 17 38 45 67 70 28 42 69 76 40 39 51 65 12 4 93 80 93 72 66 69 58 73 55 41 91 18 26 97 85 47 21 95 92 3 18 74 29 11 53 33 14 42 64 65 48 64 33 26 84 10 47 68 91 35 8 8 
72 70 22 100 43 36 71 84 74 13 48 3 67 21 17 80 19 42 31 26 35 12 53 56 83 78 80 98 42 72 50 74 41 88 45 28 5 1 50 60 6 87 19 57 66 37 51 91 98 44 45 56 25 30 85 81 14 77 11 36 46 49 50 77 79 20 75 97 73 65 20 75 86 27 65 59 64 71 46 6 48 54 18 80 85 38 35 66 23 76 66 37 8 67 10 97 11 32 33 100 
18 66 90 1 98 61 66 90 4 61 8 15 25 77 48 9 11 56 38 60 60 94 58 21 63 92 75 91 71 70 94 58 99 28 1 21 42 19 68 55 37 10 29 85 54 76 2 81 98 35 84 47 53 74 83 60 36 81 92 53 32 61 43 54 15 21 78 60 58 9 73 11 54 64 50 40 26 88 52 21 57 18 79 34 11 78 99 79 96 83 31 81 98 81 76 71 89 71 62 21 
50 68 94 62 56 3 47 9 84 46 28 62 2 38 8 52 85 98 75 6 55 8 77 82 61 34 11 32 62 46 58 58 88 49 44 79 28 35 36 66 60 48 41 92 38 29 98 98 40 78 27 55 94 98 13 18 50 54 5 72 92 35 21 30 53 83 1 99 9 33 34 99 41 51 79 59 35 43 59 23 51 3 42 48 18 31 44 2 87 99 21 30 67 97 25 69 54 30 83 3 
48 44 8 9 95 91 52 21 41 28 37 69 73 34 49 19 59 49 75 42 83 68 8 25 100 83 45 54 78 14 27 17 62 32 42 49 67 1 98 63 100 88 61 2 22 54 12 32 100 42 52 93 90 63 65 46 76 42 6 36 18 70 73 68 95 83 33 79 95 90 29 90 83 81 95 17 32 80 90 90 67 85 69 67 32 34 89 90 60 97 59 4 10 2 75 96 7 1 37 23 
49 74 33 32 25 82 43 66 60 66 34 92 12 26 50 46 50 3 93 39 29 42 44 7 76 100 17 31 7 33 91 39 25 35 19 96 92 37 13 51 24 45 32 47 16 31 42 69 54 39 20 30 41 6 53 44 29 22 39 53 48 16 54 75 87 5 94 55 40 19 74 75 19 61 20 67 24 28 46 38 63 71 4 26 75 74 21 63 26 23 34 43 100 5 49 91 49 22 25 59 
21 63 95 83 49 50 94 9 11 95 3 10 26 85 64 12 81 51 89 66 39 65 25 43 46 41 74 5 49 24 84 55 78 55 83 28 47 28 44 40 35 58 40 88 55 35 52 53 95 28 16 1 20 46 98 21 6 33 86 87 26 38 42 64 14 92 95 29 35 53 94 4 68 62 82 83 49 31 89 94 100 77 28 51 48 35 67 77 82 60 26 46 60 99 11 1 94 50 17 58 
29 96 75 100 78 30 79 18 84 27 28 2 50 44 38 4 88 41 51 55 72 78 57 39 28 48 100 89 64 38 87 56 35 15 22 17 8 4 24 83 58 54 50 12 7 45 87 91 95 22 25 9 30 11 78 9 49 34 16 8 49 43 67 78 98 80 28 81 18 26 65 26 86 62 85 57 51 100 36 78 82 45 7 92 90 40 28 73 9 78 16 32 92 91 4 80 82 92 48 61 
18 17 45 6 6 96 53 50 27 78 81 76 95 11 66 23 57 92 17 8 21 1 52 82 57 44 89 11 76 69 64 76 25 59 97 44 7 64 10 50 9 32 62 18 2 56 36 36 19 1 63 79 27 67 90 15 6 27 79 27 58 74 50 82 60 76 85 16 59 33 36 30 48 32 10 64 100 67 79 45 44 48 46 37 7 64 24 36 9 16 94 96 95 65 5 78 1 55 28 99 
76 16 38 76 25 48 44 98 1 37 77 9 78 72 59 82 80 8 91 80 28 95 64 68 99 75 20 36 47 1 71 57 87 4 5 3 56 14 19 94 85 8 51 25 50 6 57 79 35 62 58 47 90 100 79 96 11 92 22 57 71 4 73 60 76 68 28 53 25 31 84 59 71 93 78 47 63 63 37 100 58 2 54 52 52 25 70 67 88 22 70 20 32 2 1 9 34 51 70 17 
18 28 46 44 18 39 42 7 85 26 47 96 4 87 71 18 44 14 18 36 54 6 22 51 27 66 77 18 60 21 82 3 100 50 93 33 81 88 75 80 89 26 55 16 64 59 88 47 12 81 87 37 78 77 60 66 17 43 24 16 10 48 55 39 19 84 27 39 64 92 19 1 62 30 3 53 96 1 5 31 81 57 60 40 68 13 53 75 26 10 57 34 32 54 8 11 17 39 92 66 
70 17 44 58 83 19 48 36 5 50 24 51 4 21 29 49 68 82 97 73 17 6 51 39 87 61 66 53 12 1 15 69 2 81 100 30 61 25 31 94 59 12 44 72 45 57 81 34 69 45 66 72 51 44 88 16 46 33 100 35 43 27 23 8 67 11 5 57 38 70 48 60 60 90 68 33 60 28 61 53 65 93 42 74 39 97 36 57 43 28 99 99 24 81 64 64 71 60 86 42 
19 86 85 79 76 59 50 62 61 84 50 64 99 34 33 38 8 45 32 69 9 11 34 13 29 75 26 38 99 93 44 83 85 39 87 65 59 80 4 100 82 49 47 8 67 24 98 33 21 91 34 30 62 39 54 14 59 87 100 64 66 97 77 2 31 84 9 35 38 7 57 71 22 25 92 68 83 97 38 56 24 28 56 80 75 17 52 38 9 26 94 56 50 84 77 56 82 40 100 40 
34 92 34 63 9 15 69 66 21 47 62 42 62 74 79 66 49 83 28 55 37 41 12 63 81 33 99 64 56 8 72 48 55 64 11 75 57 86 52 55 69 52 92 36 54 66 93 49 60 92 53 43 53 82 45 50 18 19 3 90 68 30 95 97 9 44 10 93 63 57 92 89 13 46 40 76 8 85 69 16 5 58 93 26 87 100 4 67 49 80 4 2 53 19 19 79 73 91 86 83 
24 66 48 82 45 56 89 1 90 36 67 66 51 59 4 84 86 42 36 98 1 14 23 38 55 22 13 100 44 34 88 5 25 35 9 62 81 56 30 14 71 86 35 5 74 38 62 88 49 92 71 24 62 12 12 41 10 37 43 21 36 20 14 53 14 61 70 34 58 17 14 20 89 64 81 41 55 68 98 61 72 87 88 56 37 95 87 100 44 65 94 22 9 23 45 6 21 35 98 92 
45 21 32 30 24 62 65 52 1 51 79 92 61 39 15 20 29 84 29 43 68 58 79 11 38 86 38 81 9 82 99 68 20 45 95 22 45 57 74 39 62 19 36 19 90 74 9 20 9 39 30 36 27 42 17 40 21 56 29 56 97 33 44 35 76 62 98 61 1 64 51 56 100 21 47 16 63 2 61 72 79 96 12 66 78 58 20 62 4 94 49 41 83 76 55 28 69 60 34 87 
100 34 68 52 5 24 6 28 73 78 48 35 11 30 94 86 49 93 89 7 2 79 76 91 32 70 36 22 12 17 74 98 69 2 99 44 35 57 66 30 59 69 40 42 2 56 33 37 98 35 37 45 5 34 60 88 70 90 71 96 64 43 84 51 16 44 96 28 63 73 81 56 66 77 65 6 74 74 62 1 70 42 76 65 80 89 20 11 62 47 63 42 97 42 36 15 12 27 12 2 
58 48 45 74 62 18 12 48 16 29 56 92 11 26 48 43 30 67 22 37 79 86 37 90 59 2 16 44 90 32 12 32 5 11 36 19 5 62 79 29 72 60 89 28 37 11 3 9 84 50 42 37 1 15 14 44 67 24 26 16 54 50 26 83 3 55 54 90 23 29 70 75 20 20 12 53 71 72 86 20 40 57 18 3 19 86 44 22 93 58 81 4 28 83 38 44 10 23 70 66 
4 6 28 96 72 31 21 25 82 39 97 65 52 15 73 49 72 68 15 80 11 4 57 16 35 46 85 54 93 96 35 62 9 90 14 76 73 88 54 94 95 60 40 35 26 50 50 19 84 95 31 51 46 23 84 91 7 67 62 30 45 72 5 30 62 90 52 18 67 94 45 23 65 83 79 76 52 35 84 45 42 97 58 16 79 74 34 42 57 26 13 20 40 61 17 68 39 69 36 85 
93 83 4 78 76 83 4 79 7 82 94 62 34 22 34 54 8 81 18 19 32 41 20 16 91 69 88 12 74 49 79 12 51 96 18 15 97 42 49 51 6 34 85 88 2 35 59 29 58 95 98 38 58 91 15 4 46 5 74 91 73 62 42 12 7 27 88 4 72 65 36 61 70 4 2 18 79 75 20 23 92 86 86 96 24 4 16 26 32 58 26 78 74 80 54 70 30 59 28 56 
16 87 24 84 76 72 12 62 7 68 89 31 29 85 56 38 89 31 32 56 91 45 63 53 100 96 33 10 41 7 80 76 4 51 14 100 1 29 66 77 55 63 17 39 84 57 66 50 10 9 74 87 63 28 92 92 41 24 68 53 94 63 33 46 95 73 49 57 29 98 45 70 51 11 31 54 90 96 94 96 25 2 88 12 80 35 26 71 1 59 92 89 88 71 37 59 67 14 7 93 
50 92 79 35 70 32 6 87 27 11 80 22 61 9 87 34 27 21 17 82 58 40 5 37 4 25 4 6 12 58 68 93 69 38 59 48 19 83 60 58 18 10 61 1 96 20 67 41 61 90 50 42 43 96 71 13 29 54 13 84 76 40 97 21 42 93 8 71 63 67 7 90 20 28 70 23 24 19 100 12 41 77 26 36 93 68 16 82 60 74 56 30 40 3 96 94 6 26 57 40 
80 18 3 63 33 12 93 26 48 93 23 98 13 1 55 95 64 35 1 88 94 39 56 23 95 36 88 97 2 61 67 18 45 8 86 2 8 24 49 17 76 59 43 41 36 73 60 65 4 32 20 60 75 75 33 13 15 54 90 77 53 1 10 22 90 86 75 61 36 11 70 42 21 68 70 87 28 66 77 71 79 44 76 96 18 13 93 1 20 92 76 37 46 55 71 79 18 25 27 77 
39 62 35 78 98 14 16 92 61 90 81 37 64 95 96 67 100 76 17 77 73 64 8 46 42 3 83 97 61 25 16 73 21 97 5 27 95 30 13 43 54 46 70 51 53 7 37 25 60 44 66 70 28 91 17 67 98 67 63 58 18 58 73 19 71 73 35 49 72 62 15 69 94 100 64 67 53 33 77 35 76 38 64 10 38 75 54 25 35 38 99 100 6 33 48 38 13 1 16 32 
14 10 18 29 81 71 27 100 54 60 62 46 93 23 48 92 49 32 57 5 94 56 91 36 28 42 13 71 85 48 44 40 67 82 98 11 46 100 87 10 41 30 19 29 17 76 54 48 91 4 10 77 58 82 84 56 38 19 17 52 40 76 18 76 28 14 77 68 49 56 12 87 67 53 20 86 10 25 35 7 55 14 73 45 72 1 58 51 15 38 64 73 97 64 99 22 24 91 10 78 
34 94 39 12 43 21 42 56 42 100 42 60 67 80 77 57 59 97 93 57 31 64 17 26 27 4 39 28 24 9 30 71 81 27 76 33 99 83 37 32 1 32 76 24 78 94 16 95 44 31 81 56 87 91 10 10 92 25 25 87 54 75 15 23 70 95 36 57 65 88 43 80 16 4 50 18 95 23 52 14 63 6 17 82 85 3 2 70 47 35 89 86 25 39 46 36 87 79 16 12 
21 8 84 87 82 50 27 47 87 86 13 5 35 14 33 65 10 100 22 14 94 86 82 97 4 39 100 29 1 36 79 26 30 15 16 43 98 57 5 92 66 79 64 27 50 52 37 4 41 27 13 26 82 75 53 24 45 44 17 83 31 68 70 82 98 85 26 38 35 43 85 87 25 34 52 46 4 87 79 20 44 76 51 70 24 11 90 83 27 85 13 88 97 48 96 8 79 30 64 32 
65 93 93 49 52 86 99 16 45 67 5 83 16 3 98 8 70 52 1 3 73 50 62 95 65 97 51 96 43 5 89 40 100 4 35 82 23 65 88 35 11 69 77 9 72 72 38 78 67 12 32 65 72 16 73 89 83 64 75 39 60 12 81 96 44 40 20 67 46 90 92 9 25 16 62 7 57 81 49 94 70 32 31 43 47 97 100 2 6 67 70 52 6 87 31 52 76 75 63 29 
84 87 42 99 59 67 57 22 40 83 46 51 82 100 42 95 91 2 100 73 7 74 65 25 82 38 60 99 56 62 58 68 94 5 69 42 18 94 72 95 61 33 61 16 46 100 70 39 55 74 22 98 78 59 70 20 20 40 34 33 74 20 57 68 8 48 89 31 56 32 50 79 53 26 27 92 52 9 1 87 35 10 44 33 55 60 5 7 6 43 52 11 68 90 5 64 87 85 42 55 
20 5 34 37 25 41 50 10 53 54 25 88 57 15 4 11 97 82 77 60 11 64 42 97 75 65 32 47 10 76 62 67 74 49 51 86 65 31 59 82 3 80 63 93 16 20 51 42 79 1 11 48 35 11 63 51 37 16 97 36 66 48 54 14 99 35 7 60 94 57 37 30 93 1 16 14 38 76 51 47 91 70 19 18 63 5 85 50 87 96 92 47 31 25 45 61 18 33 76 60 
17 4 45 66 87 85 34 68 35 72 93 22 65 12 78 18 11 84 44 85 95 1 68 37 19 4 67 85 5 24 38 17 61 60 74 81 64 9 70 82 56 76 67 42 72 10 29 92 87 31 81 51 60 96 9 62 52 88 15 1 61 11 40 52 92 38 38 27 31 50 1 11 62 85 80 81 60 5 88 88 73 42 65 59 92 58 24 85 7 77 85 64 14 53 65 83 60 48 71 27 
1 59 46 26 97 77 11 70 54 46 9 97 66 15 39 72 90 17 13 33 69 79 73 91 90 5 2 85 29 49 42 48 50 75 33 75 59 24 51 53 2 47 21 56 19 42 69 5 60 8 64 16 86 27 34 3 8 96 81 51 64 89 52 65 41 100 18 87 3 95 41 48 45 62 50 91 81 32 7 30 78 54 90 63 56 71 73 52 100 38 92 37 38 16 82 62 63 8 76 67 
76 56 85 90 58 10 26 99 38 81 100 80 72 81 77 27 86 84 79 7 24 50 78 5 61 93 97 2 51 34 87 64 36 8 49 33 40 16 33 22 88 43 56 24 11 58 33 24 8 10 72 19 11 89 71 35 87 51 32 47 86 86 57 61 57 98 56 36 55 59 7 73 24 53 96 24 5 5 92 54 45 11 32 3 48 49 94 58 7 15 17 96 44 70 41 74 68 22 31 47 
44 3 60 17 70 37 57 58 87 44 63 77 39 71 98 80 80 16 60 67 69 10 7 62 5 95 10 72 13 22 90 31 42 38 66 62 71 18 24 97 16 70 51 57 97 83 32 55 97 20 84 56 22 75 65 39 94 14 27 87 11 63 4 6 21 41 23 57 46 19 27 44 20 20 72 14 67 1 88 40 14 32 83 3 60 65 26 59 18 47 67 9 29 21 21 28 51 19 27 11 
6 14 9 6 92 83 93 43 62 100 28 22 55 94 76 54 94 94 51 76 77 41 2 35 58 76 47 83 75 10 43 85 85 90 7 38 9 39 16 6 80 50 87 56 23 31 21 34 42 96 79 3 69 63 74 78 28 33 28 48 74 1 76 1 61 82 45 72 70 89 3 68 99 86 63 38 50 88 96 41 8 34 33 53 60 15 36 8 20 27 40 100 82 19 75 48 84 21 8 25 
6 82 31 44 58 89 84 26 52 26 91 60 19 23 4 15 75 52 93 32 79 11 21 75 56 94 78 41 26 25 91 73 11 71 98 92 100 50 4 1 60 35 78 65 11 79 22 72 75 36 4 52 15 86 43 49 91 81 84 50 52 2 86 90 79 20 86 74 79 81 64 70 56 22 24 74 70 34 1 51 21 81 33 69 61 1 88 34 69 8 58 73 68 61 17 78 68 54 12 71 
75 38 77 23 49 2 10 86 93 46 36 75 21 28 61 87 44 37 100 86 66 48 31 39 48 4 68 63 55 5 21 12 49 1 35 57 12 73 92 58 13 51 4 58 48 17 87 28 12 98 40 32 73 60 57 49 36 3 25 63 43 20 13 26 14 55 75 87 2 14 85 54 94 39 34 78 49 59 85 95 20 43 34 59 84 8 6 92 98 2 84 86 99 39 24 84 40 94 30 24 
56 91 7 58 33 13 84 18 86 91 67 97 35 89 97 49 25 87 63 39 35 74 39 60 60 53 84 28 42 78 42 91 39 31 56 38 81 2 24 47 25 51 47 58 96 50 15 80 97 93 15 64 89 38 62 43 84 25 79 57 52 22 98 68 19 12 32 56 86 82 25 32 94 19 16 25 38 42 95 94 7 79 73 69 47 4 85 10 56 16 19 1 9 5 20 29 35 55 48 12 
26 23 15 38 3 54 83 27 8 96 56 73 95 79 41 5 8 21 78 98 41 63 79 95 76 71 28 6 63 75 17 84 68 72 79 93 58 64 56 22 87 61 86 30 54 35 89 100 98 49 41 4 90 96 17 82 13 73 3 27 22 23 56 84 20 90 76 53 81 61 23 19 80 86 47 12 36 6 80 18 18 93 23 44 17 18 6 29 28 46 11 86 79 42 24 56 81 70 11 25 
23 9 70 25 65 34 69 4 27 7 5 20 94 95 12 27 29 94 72 5 41 49 22 54 93 60 98 87 92 47 85 92 41 65 42 25 19 20 61 42 13 72 100 8 34 73 23 67 31 29 29 98 2 34 33 36 58 22 93 43 84 57 46 60 47 25 97 13 45 54 19 6 13 37 49 36 80 64 7 72 33 44 76 78 26 99 65 95 92 30 44 64 47 16 73 78 48 66 63 58 
62 96 8 41 53 86 54 53 20 50 69 52 39 81 9 84 31 61 72 60 2 17 89 29 20 14 47 58 36 18 92 30 1 82 34 33 3 96 67 31 13 61 78 44 92 63 30 76 26 40 49 33 86 71 64 66 68 75 56 84 100 46 40 10 63 26 98 19 44 43 72 95 61 46 33 80 22 15 47 31 72 21 39 33 52 14 63 80 16 17 98 82 97 9 83 10 16 65 15 29 
71 29 13 87 89 34 25 79 91 39 1 11 69 86 39 26 22 42 81 61 21 76 72 60 46 76 41 3 2 22 21 86 74 22 42 77 31 24 64 67 58 6 38 2 95 26 7 95 54 72 8 38 12 85 86 84 19 10 3 12 45 82 88 50 50 25 70 62 70 95 42 30 36 40 85 20 2 49 2 40 82 45 5 7 65 86 76 10 50 88 95 43 75 2 23 51 16 94 83 41 
68 91 52 9 21 97 5 3 66 82 51 99 35 91 50 84 44 80 2 85 30 79 44 85 16 3 59 32 82 80 23 24 86 95 24 43 81 10 63 91 20 62 11 27 91 42 74 89 24 21 74 44 77 72 21 18 22 84 98 57 71 5 17 99 75 24 20 1 13 19 73 46 12 8 46 53 71 97 16 89 83 71 91 51 55 53 38 78 94 79 6 10 46 86 18 48 29 8 96 86 
62 7 43 76 2 36 30 75 58 23 1 13 27 9 88 78 90 21 23 67 22 94 48 21 30 53 56 42 93 38 18 51 11 45 33 46 62 93 33 45 87 56 41 59 45 34 42 12 8 6 5 74 15 63 4 73 82 98 14 64 34 12 34 89 12 91 36 81 78 16 42 93 57 34 8 53 40 9 81 44 72 12 35 90 1 85 15 9 8 18 24 100 95 19 86 34 63 58 70 33 
54 57 23 10 75 62 15 97 41 77 75 79 45 21 84 34 87 67 68 99 66 22 94 5 61 40 84 78 1 54 8 34 20 24 41 1 15 74 27 6 46 86 74 1 68 80 60 88 56 63 59 29 46 61 85 52 99 51 56 81 65 35 55 9 78 2 81 98 93 15 36 100 80 60 21 16 100 21 47 82 29 90 30 21 10 67 41 83 30 5 10 23 14 69 21 28 65 79 24 70 
10 76 21 64 20 35 68 92 7 52 72 34 36 51 1 37 85 56 30 20 76 6 99 15 56 21 35 98 79 96 60 29 22 22 44 56 6 81 75 89 38 96 65 75 70 34 87 49 18 53 88 17 2 59 32 55 36 94 27 8 68 19 41 28 36 81 99 16 20 51 53 50 69 76 14 29 88 30 79 1 27 60 63 30 29 99 59 61 77 62 16 54 33 96 52 10 96 41 41 51 
43 53 93 87 11 84 84 5 47 80 65 74 43 20 88 25 98 47 36 23 93 41 41 60 15 22 1 54 51 4 4 91 58 84 81 51 90 43 73 67 64 20 63 17 20 23 34 86 72 1 54 70 11 7 25 1 59 33 36 4 43 97 95 72 30 54 74 36 55 91 24 37 48 73 22 22 31 72 48 1 7 91 45 84 65 64 74 52 28 11 10 31 71 65 91 59 74 91 13 1 
39 11 3 84 81 37 99 39 80 33 33 90 33 31 25 95 58 58 38 65 69 18 86 17 79 8 28 15 47 100 36 6 85 58 90 97 2 14 69 49 77 91 78 41 73 45 59 62 63 32 40 5 27 49 41 95 80 96 68 47 24 65 1 22 27 99 80 69 86 21 45 85 85 71 34 19 17 93 2 73 40 2 96 94 12 28 100 88 44 37 82 76 42 11 41 94 51 2 17 37 
39 25 86 21 41 18 70 51 8 92 83 28 17 74 38 48 35 48 55 100 6 58 44 75 6 60 54 93 23 75 70 85 8 20 74 19 36 21 51 90 30 47 98 78 23 6 93 62 23 2 78 68 62 23 35 95 94 4 40 76 100 20 95 90 32 26 10 78 4 44 35 64 96 91 71 91 6 77 71 75 2 21 63 28 35 43 33 22 79 71 57 40 94 79 40 27 31 60 87 29 
86 44 5 59 38 49 62 38 85 60 56 56 40 18 60 46 99 16 82 84 32 68 49 87 54 78 19 29 76 52 74 23 59 55 31 68 20 47 3 99 21 93 63 58 32 6 86 39 7 53 40 3 54 54 1 29 23 80 41 42 85 79 22 45 37 55 92 62 40 10 22 57 53 11 32 73 99 74 10 87 1 100 13 1 77 40 84 64 55 65 99 32 14 57 11 3 95 7 71 16 
86 71 92 74 99 7 33 55 88 36 82 22 80 34 60 63 80 68 66 9 47 13 27 62 61 33 27 72 5 27 68 61 9 8 26 16 58 98 21 53 51 73 75 33 11 21 52 47 66 15 65 54 13 16 73 60 15 29 55 97 99 98 91 97 5 24 99 94 71 16 49 98 82 30 75 10 52 37 86 80 93 61 98 51 29 81 63 89 46 25 55 73 41 13 52 69 12 67 1 81 
37 2 22 44 70 82 70 30 60 74 89 14 96 11 89 57 15 64 1 66 48 50 62 25 41 2 61 4 17 39 68 28 28 51 51 55 67 43 89 4 59 5 56 58 92 68 49 98 43 62 40 88 28 12 34 62 7 69 100 11 53 35 51 4 32 68 85 91 40 84 25 78 48 99 30 67 7 97 8 21 5 97 94 17 34 93 68 48 53 84 39 50 60 92 30 69 99 37 33 71 
65 89 5 49 29 60 98 95 66 72 24 64 67 70 61 57 8 83 45 33 34 80 1 21 66 72 5 46 66 41 60 84 4 74 8 91 46 28 34 41 7 54 3 55 61 67 98 16 69 73 77 15 78 92 1 43 71 71 40 86 28 75 23 78 15 60 49 12 59 71 55 75 16 58 16 34 65 20 10 29 14 2 4 3 15 3 85 18 19 52 97 48 100 50 8 72 11 74 13 99 
37 58 18 38 83 97 75 46 59 40 100 98 46 50 8 35 49 74 1 30 18 22 97 53 3 32 43 78 38 3 33 19 33 82 37 16 1 57 27 73 83 18 77 11 19 10 40 79 41 53 48 50 32 21 35 29 44 87 90 72 95 55 45 42 85 44 94 29 57 15 23 100 73 98 43 92 86 56 30 7 29 65 14 37 44 24 48 62 40 42 6 29 79 38 96 96 23 65 13 47 
22 81 51 51 93 95 76 79 7 41 23 29 48 29 92 66 56 37 12 10 55 15 98 43 25 49 13 3 15 94 66 92 23 36 45 9 53 30 17 83 31 11 49 71 84 2 42 9 29 96 18 56 9 5 95 26 100 31 25 12 20 10 41 12 31 99 9 96 83 66 56 97 53 90 3 75 68 88 36 63 47 29 26 72 76 28 50 51 88 26 43 7 70 69 21 51 62 6 33 49 
96 73 28 64 8 51 48 38 90 18 83 17 6 36 35 34 63 54 53 74 41 39 14 13 85 61 83 100 19 35 79 54 88 68 3 62 40 13 10 7 16 71 64 56 9 74 34 14 58 77 96 97 81 7 25 86 85 97 45 64 64 45 90 59 8 69 66 65 16 80 84 12 92 29 46 8 34 67 33 93 59 34 43 48 45 23 96 55 85 77 35 61 100 72 99 15 12 15 93 39 
10 9 57 40 9 89 23 3 80 49 50 80 28 41 24 37 91 39 75 58 55 17 20 69 80 53 5 43 16 38 21 12 46 52 67 2 18 56 73 81 26 2 85 95 2 91 9 95 34 75 13 43 75 48 87 82 61 26 51 29 93 1 97 52 22 61 77 96 85 67 74 40 36 77 3 10 43 100 30 42 69 83 84 90 66 36 17 93 63 24 74 1 33 35 89 36 36 56 99 57 
92 81 95 89 55 91 52 67 60 86 49 7 49 40 90 26 46 66 24 39 83 55 8 51 69 63 72 55 45 69 16 5 49 81 95 29 43 52 60 64 30 11 1 65 39 96 82 58 93 71 27 97 26 31 32 55 5 9 80 45 62 45 96 97 96 43 91 2 9 59 79 71 79 15 98 60 13 30 47 53 74 14 80 4 26 76 49 78 47 63 58 64 52 77 36 97 20 15 8 45 
55 56 98 80 87 19 60 14 15 9 46 39 64 7 94 71 30 94 24 6 57 29 27 27 20 13 75 59 94 3 58 92 74 38 68 97 33 69 92 42 62 35 54 95 77 63 64 58 62 7 40 94 38 29 60 59 19 52 19 46 14 42 20 55 45 32 23 84 40 34 86 61 90 84 45 45 63 76 42 7 61 48 22 34 58 30 78 65 83 32 21 10 88 35 45 44 100 86 9 20 
72 4 55 63 19 2 80 88 75 33 61 4 96 77 23 48 11 47 18 93 44 35 85 53 55 91 60 73 71 49 5 39 18 23 99 77 97 79 4 99 38 25 72 9 82 97 71 58 1 16 11 33 4 62 2 75 30 18 94 59 26 23 73 72 3 59 42 10 13 60 43 97 71 73 25 56 14 13 48 86 34 32 59 22 94 18 4 26 34 29 45 4 10 40 17 50 65 88 3 92 
92 85 25 87 71 82 73 46 83 57 22 37 14 6 49 96 26 84 100 37 26 54 27 46 74 67 17 27 2 64 12 10 25 70 84 52 93 85 95 76 20 19 87 51 63 68 36 15 12 51 75 12 55 37 92 79 43 97 10 17 30 37 95 29 99 19 66 43 29 83 14 24 65 20 63 69 78 51 51 3 65 61 27 80 5 39 28 30 81 41 3 29 50 28 5 92 69 71 9 27 
27 17 16 76 68 2 54 45 64 29 79 5 75 40 76 66 70 91 71 53 82 57 94 17 79 73 99 99 47 67 79 15 7 70 80 44 23 77 54 86 85 55 48 92 96 5 4 46 31 86 60 38 9 92 81 43 65 95 31 59 59 75 59 53 4 13 3 94 27 71 44 20 95 36 19 24 92 85 27 29 80 62 69 42 60 54 17 69 68 9 37 27 72 87 55 97 67 99 3 80 
4 53 89 9 37 69 45 73 44 53 49 63 35 20 85 60 3 75 36 19 65 70 50 49 52 45 66 84 42 27 9 88 54 8 9 70 23 97 69 95 85 44 17 10 93 14 4 100 18 16 54 45 80 24 31 14 95 71 82 4 13 62 15 97 36 63 88 48 81 64 100 22 55 37 89 96 24 75 74 92 11 34 30 51 89 4 83 31 75 76 31 58 44 32 21 17 38 73 96 25 
26 60 22 16 6 90 97 91 58 66 13 11 24 41 51 2 1 31 27 58 99 90 20 98 36 89 66 9 55 22 30 26 81 85 49 53 10 95 85 47 29 10 70 52 63 80 47 90 37 31 8 57 65 84 86 32 33 25 7 9 19 71 6 83 33 79 12 89 17 57 99 9 12 39 28 24 35 83 91 64 6 95 80 27 80 41 55 53 75 13 58 52 20 79 30 26 83 77 95 34 
95 77 11 68 33 23 52 25 74 54 95 49 41 64 100 9 67 36 97 80 74 60 93 12 58 84 13 3 13 4 70 34 11 84 91 21 31 12 25 72 60 28 31 90 74 57 76 39 26 85 75 92 89 24 5 50 27 51 10 43 99 38 91 5 72 52 24 3 81 38 65 23 75 66 62 16 42 45 17 9 26 72 91 69 99 94 33 90 25 94 38 53 50 14 24 89 88 54 68 100 
9 30 51 27 34 17 13 29 50 58 84 42 53 53 77 96 71 55 72 20 17 66 46 95 67 65 9 73 62 31 17 11 92 48 40 49 18 81 22 64 39 21 30 70 20 3 92 42 1 40 61 100 62 44 72 88 86 3 43 2 20 15 20 60 62 99 50 89 94 87 24 22 99 22 40 5 68 71 35 81 43 71 29 42 55 17 9 45 25 60 49 35 12 36 75 17 27 100 97 96 
65 5 78 7 45 55 53 13 56 8 21 84 46 32 98 52 59 79 19 8 12 54 14 67 30 29 72 76 41 69 79 15 6 87 32 91 21 52 56 20 1 46 63 64 62 24 55 16 76 93 55 48 25 71 94 50 39 19 12 52 44 39 46 7 63 68 21 24 57 49 13 37 64 85 34 10 68 21 44 1 11 63 44 16 91 89 89 59 88 44 77 82 9 94 28 30 6 81 69 45 
3 56 70 91 68 35 38 27 55 46 82 44 82 3 31 97 5 8 50 37 25 34 28 64 44 32 89 50 80 93 37 77 11 38 68 20 28 31 47 59 20 64 66 78 94 6 66 40 46 40 23 58 100 68 18 85 3 87 7 11 75 85 26 65 71 8 33 27 11 74 3 28 60 86 85 66 12 66 31 57 50 27 16 5 89 18 37 2 37 41 34 62 9 69 69 66 79 61 40 46 
20 24 53 15 21 54 3 35 71 58 15 16 17 82 87 45 88 50 26 68 90 32 81 39 46 61 87 39 93 94 59 11 17 20 49 97 23 51 24 60 22 11 58 58 38 65 20 1 100 8 44 50 87 16 63 1 98 51 82 72 60 53 30 42 43 85 4 17 77 91 82 98 15 8 26 6 66 91 54 94 40 97 76 45 20 16 65 15 32 59 40 78 95 12 55 53 51 57 7 63 
53 63 100 71 89 93 44 77 4 91 63 91 68 56 66 45 2 53 91 64 84 60 98 25 76 32 45 66 26 5 7 25 39 35 89 80 78 51 6 42 21 50 71 26 53 69 8 12 9 47 93 69 9 84 56 82 5 81 63 3 28 48 87 36 48 83 31 40 55 57 74 10 28 52 33 39 1 1 1 45 85 91 97 22 31 48 24 71 35 65 97 51 32 47 89 61 88 4 16 90 
13 52 35 4 22 38 16 11 34 7 14 67 51 56 49 28 36 1 38 14 5 11 49 81 21 19 47 21 95 14 47 89 80 55 28 52 43 27 28 92 58 38 48 48 38 70 87 88 88 42 57 56 10 96 8 5 80 53 94 43 69 37 61 23 80 12 99 32 61 34 94 20 39 35 59 49 51 34 63 34 22 100 55 29 46 28 85 25 42 4 55 66 45 96 40 49 62 95 100 8 
7 8 68 41 44 9 55 32 76 27 89 8 71 56 21 68 16 80 90 42 59 20 40 59 15 35 23 76 59 40 94 62 75 80 35 3 76 55 49 99 1 89 84 48 62 33 40 56 40 62 18 31 60 34 11 52 97 15 54 70 4 49 92 27 90 2 99 34 71 55 15 86 35 47 29 83 89 75 46 22 52 63 47 67 51 9 94 47 63 16 84 25 75 22 75 76 82 16 80 46 
86 62 96 43 34 6 74 27 38 87 13 40 91 16 8 31 4 54 53 11 40 30 76 13 92 11 84 60 96 12 47 82 1 10 58 13 48 65 14 40 4 65 14 91 90 94 3 90 56 95 47 72 92 31 7 64 4 5 12 56 71 77 54 98 19 1 97 40 48 19 40 8 15 74 39 15 26 72 97 87 39 87 4 73 11 28 66 19 53 89 69 45 74 31 79 36 40 10 26 28 
46 19 60 22 74 76 63 71 76 42 47 64 67 92 16 68 34 22 20 71 42 81 83 86 99 50 61 47 43 87 30 81 29 14 70 66 6 56 8 50 97 64 93 85 21 99 41 80 91 70 53 85 58 97 26 23 54 86 54 39 11 10 51 2 99 97 57 5 88 94 47 48 93 75 3 96 52 8 75 91 82 94 4 79 19 55 67 73 50 80 77 91 58 59 18 63 43 45 33 45 
14 86 10 27 89 87 80 67 67 60 51 70 9 90 41 68 29 6 25 87 77 99 48 63 6 100 3 17 39 56 42 23 53 16 27 24 50 73 66 91 82 14 94 42 98 81 29 38 54 5 99 72 39 8 86 24 8 23 12 86 23 13 44 68 30 12 36 62 38 95 63 85 97 45 35 6 99 88 16 34 5 79 63 29 19 46 35 79 24 81 54 39 19 5 48 50 37 91 34 43 
81 78 1 31 72 33 75 96 24 12 80 26 67 8 8 48 72 100 29 50 19 70 5 10 33 87 39 16 49 22 55 80 57 81 44 100 91 87 100 60 99 81 34 98 48 45 9 65 24 53 84 68 52 42 43 62 32 4 25 91 53 53 25 4 10 98 4 19 23 78 99 85 18 30 76 67 15 51 49 30 31 99 78 22 71 14 92 52 94 62 43 80 58 96 19 71 87 38 28 29 
5 27 20 64 81 27 13 72 61 37 80 17 60 91 2 41 11 30 78 88 44 97 95 26 64 84 61 74 31 83 46 92 56 60 52 20 80 18 13 1 2 99 46 97 7 9 21 50 19 6 83 86 75 39 11 29 94 75 17 29 86 6 38 85 46 10 30 35 79 25 25 97 47 31 60 63 39 59 77 73 98 74 55 60 24 37 72 97 20 51 1 82 15 5 7 60 34 52 6 56 
44 94 37 35 56 20 20 13 100 98 52 52 83 57 72 26 40 20 24 80 35 55 7 71 53 71 28 72 42 26 35 68 26 41 65 20 12 40 41 67 15 61 63 21 40 65 44 21 6 32 26 24 34 31 84 41 57 85 11 46 20 63 17 14 65 29 44 55 70 63 56 49 82 45 21 54 79 24 37 18 14 14 21 99 21 5 30 74 83 16 9 76 54 95 91 86 41 12 3 75 
43 64 78 16 54 65 75 54 50 29 50 21 38 66 71 82 29 62 4 56 62 53 2 75 58 74 50 14 39 61 52 29 24 61 94 36 2 63 83 28 98 75 81 28 94 85 58 4 31 75 83 49 18 86 39 42 80 20 82 4 74 84 48 21 70 55 24 72 74 90 44 85 97 94 12 7 74 74 72 32 2 36 46 32 12 19 80 15 80 1 72 42 31 60 74 12 57 19 95 48 
53 63 65 84 25 25 60 21 3 50 71 19 19 4 21 37 42 80 23 97 63 39 22 17 38 76 36 34 51 84 94 73 58 38 79 12 49 29 23 70 92 22 17 26 79 62 74 39 91 28 75 21 100 75 65 96 70 67 18 64 50 92 28 66 35 75 40 83 25 66 54 17 100 100 65 24 34 14 65 64 75 93 43 76 7 19 39 70 84 26 38 79 59 75 94 38 94 28 65 81 
90 29 30 75 99 30 37 28 3 43 5 43 2 21 3 37 41 54 2 100 22 67 99 97 76 14 81 34 69 77 49 55 27 69 56 18 52 84 15 7 23 15 5 28 27 97 23 86 30 87 66 53 43 72 87 39 13 96 79 11 86 19 17 33 34 59 80 15 3 74 8 91 59 14 99 30 45 99 100 32 54 22 59 54 61 66 34 46 13 33 72 50 59 50 25 79 100 85 23 65 
49 60 90 49 67 74 50 96 8 63 48 38 86 96 62 68 95 72 67 92 58 15 15 14 58 89 1 4 42 16 31 40 23 47 8 96 72 45 11 92 87 12 63 10 75 75 45 44 4 85 81 38 65 49 71 48 81 22 36 40 8 49 9 48 9 19 75 47 25 34 69 35 38 93 82 14 23 47 13 43 22 85 12 3 11 67 19 72 61 92 83 37 50 43 49 77 74 46 30 17 
45 48 69 86 51 26 19 91 24 53 5 54 31 98 43 67 61 86 81 47 34 81 45 18 48 41 55 12 28 10 54 75 34 51 96 45 26 52 71 66 32 70 34 100 24 33 76 53 56 89 81 19 45 14 80 40 58 2 100 41 38 96 47 63 59 63 52 56 90 68 59 21 20 7 55 92 31 44 90 52 32 31 23 38 48 67 52 88 46 50 88 61 87 64 7 50 88 39 20 27 
86 9 76 13 74 23 7 46 74 74 1 81 4 24 89 97 68 62 40 95 73 53 86 9 41 53 70 59 99 53 90 73 94 9 49 93 39 5 35 10 78 77 14 96 60 96 10 11 6 78 29 88 63 16 83 93 84 6 3 13 11 79 16 16 55 87 74 77 20 50 43 2 69 37 1 12 62 88 93 91 9 89 67 87 77 91 12 80 75 27 76 85 74 96 98 25 77 1 80 60 
40 18 6 8 4 21 83 98 79 56 73 56 1 48 24 29 34 96 16 57 3 51 33 11 41 54 91 68 55 51 54 55 78 47 100 48 14 87 74 36 9 41 93 1 60 6 45 62 18 69 7 43 33 21 83 11 33 28 99 2 92 66 76 75 51 63 53 27 95 82 95 46 4 57 32 73 43 93 38 21 68 22 76 75 83 66 47 65 42 18 14 59 20 12 88 78 42 74 28 27 
67 78 4 79 34 94 63 91 47 98 71 11 58 61 91 29 33 30 41 40 17 94 32 10 27 81 2 22 21 83 60 56 71 70 27 29 37 45 3 78 89 27 22 92 37 90 5 96 13 52 68 63 17 84 17 45 5 59 67 82 100 74 87 30 28 13 87 34 68 41 66 69 24 37 81 27 82 47 28 70 11 27 38 49 67 19 86 20 16 8 98 44 12 47 95 60 65 78 1 90 
20 54 88 11 88 62 63 51 91 32 96 43 39 25 64 72 13 30 83 4 86 22 69 3 6 57 93 11 99 78 40 71 54 83 68 26 75 2 69 16 36 98 49 65 99 7 12 51 45 34 92 72 82 1 73 42 47 100 24 95 71 15 98 7 58 60 45 20 27 74 12 74 81 73 45 98 72 22 8 9 7 25 56 17 61 9 18 29 81 64 48 9 47 24 43 98 50 35 56 81 
57 50 16 77 85 89 97 92 31 3 98 33 5 66 71 94 26 45 45 46 8 28 46 60 10 83 100 24 34 54 6 10 77 43 90 55 22 45 11 18 14 61 100 93 88 10 2 78 7 86 35 83 10 38 93 3 56 19 48 18 6 39 46 38 67 86 77 18 21 72 68 40 41 87 98 41 19 37 75 55 9 14 17 98 77 50 94 9 14 44 52 35 18 82 31 7 15 23 3 81 
91 70 8 54 85 44 22 55 71 21 10 26 15 73 75 7 55 36 70 45 74 49 26 11 74 83 25 92 99 31 41 21 67 43 34 51 10 15 22 92 39 21 23 97 24 82 30 51 73 57 67 60 21 51 84 94 31 77 50 31 59 8 43 53 98 33 84 53 94 25 54 12 55 100 25 52 19 8 100 35 53 44 87 6 56 65 30 70 17 65 30 91 86 99 15 44 94 50 60 12 
55 76 89 47 79 82 99 98 42 13 33 85 37 44 37 76 86 43 66 99 74 70 5 44 74 100 16 65 6 4 42 29 95 27 72 73 65 77 65 86 68 19 75 26 23 9 43 94 97 97 95 13 72 50 6 98 15 43 76 56 18 22 68 32 37 97 28 44 20 89 19 36 22 1 88 87 84 32 77 83 6 66 60 36 62 47 8 92 19 23 4 57 8 68 52 12 25 31 52 33 
1 19 80 7 73 45 15 14 28 72 47 24 88 91 49 45 100 43 62 9 96 18 95 4 37 77 19 68 94 41 25 33 67 23 92 65 20 6 82 17 96 75 32 4 93 67 76 71 100 20 28 17 91 53 12 15 38 19 68 34 86 35 92 72 89 5 83 86 18 21 60 73 87 81 86 98 100 53 33 76 86 19 59 21 68 54 70 15 95 37 10 12 11 89 93 24 1 49 72 19 
67 61 3 62 65 45 28 59 27 34 58 44 100 34 14 35 80 29 30 51 3 19 25 19 60 36 26 80 67 31 96 49 56 21 61 98 10 96 27 84 61 62 87 17 83 84 61 97 35 74 31 4 3 71 11 59 75 58 65 77 68 84 83 98 82 50 37 54 69 43 66 58 18 43 59 78 71 92 36 92 96 5 74 39 55 18 15 39 99 87 65 32 68 58 87 23 22 51 53 12 
97 43 24 91 85 54 52 87 70 10 5 86 50 83 26 92 36 11 31 60 34 1 20 47 24 26 34 98 91 74 50 32 32 83 68 88 11 76 13 26 35 81 46 66 22 7 44 80 27 89 69 67 3 49 8 57 46 44 59 66 93 2 74 48 14 21 41 90 45 67 31 79 76 76 12 7 43 34 85 88 89 46 44 87 55 3 12 24 13 39 30 49 43 98 1 81 52 98 1 57 
25 18 4 50 99 69 94 61 9 25 5 20 58 35 20 88 19 75 45 32 54 79 34 95 87 23 34 93 9 62 15 41 37 75 70 43 57 42 4 87 65 96 86 68 34 69 99 12 53 11 55 46 41 28 47 40 75 27 67 82 93 94 49 11 18 97 97 51 46 9 54 25 11 52 60 67 31 71 47 7 72 19 62 55 79 34 12 67 53 5 16 12 69 15 59 27 33 36 85 82 
10 51 65 28 73 91 54 23 64 28 8 89 5 22 75 97 31 66 47 11 53 68 54 52 53 63 76 3 9 27 52 18 15 43 66 42 65 74 33 45 2 77 54 46 50 16 28 43 26 89 17 71 41 58 61 8 70 2 48 4 38 37 36 94 84 16 26 76 98 63 67 59 23 68 57 76 94 15 16 7 17 18 68 78 53 75 70 100 30 73 2 90 1 6 21 76 10 37 96 50 
97 55 36 57 44 43 98 69 47 58 84 32 9 28 17 95 39 35 64 37 18 28 81 82 48 54 57 39 21 31 51 20 90 39 34 11 17 26 49 47 95 85 19 69 29 7 67 92 60 67 39 49 86 97 9 19 80 70 22 55 53 57 13 49 27 6 77 88 63 87 44 63 72 44 19 54 28 60 74 38 32 38 19 9 14 41 85 31 34 43 82 31 83 11 97 22 52 38 32 87 
9 99 65 54 55 72 47 83 8 30 49 36 96 61 71 29 40 34 92 9 44 5 38 42 63 82 83 83 28 33 12 13 77 87 74 3 99 18 11 24 90 2 82 77 63 84 85 16 60 5 99 78 95 36 46 39 45 51 1 97 95 67 39 17 99 99 5 44 6 9 4 35 66 14 3 44 53 53 70 24 80 41 73 72 8 46 69 10 10 70 54 68 35 19 81 8 77 48 61 4 
34 14 5 75 2 24 55 8 94 54 31 84 42 47 78 56 23 38 86 57 50 30 15 69 11 82 65 29 26 71 58 39 30 36 59 46 23 56 16 24 67 95 95 22 26 17 60 5 77 21 34 84 78 31 62 94 89 41 67 82 23 2 61 91 22 34 89 58 89 56 84 95 43 56 75 35 64 60 87 28 88 47 11 96 3 1 66 43 77 75 18 27 76 71 51 27 49 5 59 57 
58 89 50 82 93 55 68 90 17 3 92 11 89 34 12 78 11 88 45 40 8 58 35 33 27 29 68 22 35 11 30 58 16 55 4 75 14 10 53 65 9 47 70 22 42 92 53 62 67 32 33 90 82 72 5 47 69 79 57 72 33 45 40 95 67 78 99 44 16 51 90 54 18 50 17 26 25 49 27 51 20 86 56 53 52 85 89 55 82 83 10 44 72 80 15 33 16 6 9 28 
30 9 84 74 59 12 32 54 98 33 96 76 47 98 29 14 49 75 72 38 9 28 17 80 61 7 47 85 82 94 92 69 55 13 33 63 97 99 44 86 31 74 4 75 67 78 52 10 25 74 79 96 19 12 89 98 42 95 44 61 80 82 94 42 100 73 25 70 89 2 63 49 66 74 75 43 20 89 70 29 46 6 82 8 87 7 29 78 93 70 75 79 21 20 72 54 74 14 39 51 
24 63 68 57 94 46 91 61 90 73 67 19 82 89 72 23 89 95 22 56 20 58 7 45 10 2 83 61 69 68 81 28 49 10 78 9 45 87 19 4 6 46 95 38 17 39 92 40 37 71 58 37 66 38 62 92 24 72 43 60 54 50 14 91 75 24 9 95 43 77 37 30 21 99 96 80 63 95 61 33 36 94 97 8 16 33 93 5 87 6 48 5 29 88 53 4 16 61 86 16 
74 91 82 42 7 45 97 13 73 61 27 89 20 96 65 3 44 19 23 73 18 44 15 44 66 69 73 21 34 78 87 47 41 22 49 60 38 54 91 67 4 61 16 22 47 45 85 66 59 41 19 59 15 23 16 19 1 79 84 87 38 49 88 16 99 75 19 45 99 17 31 64 33 89 88 91 7 6 97 82 97 13 10 93 94 7 7 3 61 74 55 52 15 54 96 64 20 53 31 13 
15 44 9 72 52 99 52 74 8 63 49 5 43 35 13 59 4 31 39 84 21 9 27 42 91 43 29 57 19 32 79 93 29 98 76 49 86 56 15 68 65 36 71 43 31 67 33 25 48 29 13 70 9 72 19 17 43 82 85 96 58 66 99 32 46 83 83 17 28 7 43 75 44 22 93 80 62 68 28 34 6 42 26 2 5 91 38 58 16 26 34 72 48 74 57 36 75 72 67 27 
4 49 5 98 37 52 72 34 29 81 38 91 13 66 8 38 48 78 36 85 17 86 9 11 41 96 35 93 86 70 7 22 74 20 18 72 83 58 12 18 35 25 60 88 14 46 47 54 52 12 2 49 18 78 1 62 9 3 5 3 16 45 12 49 100 98 84 65 19 92 42 7 13 11 48 23 84 22 24 68 61 22 23 25 81 64 24 40 41 31 4 34 17 7 45 76 39 29 96 96 
11 57 73 5 17 87 66 59 66 79 48 19 53 60 31 49 29 15 33 79 86 74 43 39 5 92 52 13 69 1 77 67 79 93 2 88 14 11 17 25 9 81 46 88 9 48 40 13 37 77 1 4 30 34 56 54 30 59 12 3 51 70 64 51 15 45 86 94 46 30 35 7 23 91 94 93 12 97 4 15 26 3 68 82 87 34 62 74 46 72 51 85 75 90 77 72 78 64 37 49 
45 97 79 47 21 3 93 21 95 26 20 10 52 81 89 59 61 26 96 11 22 56 92 23 83 81 8 28 78 63 2 85 49 32 10 18 22 39 37 45 91 90 49 79 35 41 95 49 98 30 62 96 99 81 49 13 79 85 89 76 7 5 100 34 24 94 9 94 95 35 58 62 47 59 14 53 87 60 72 35 66 16 12 1 83 1 59 9 36 75 53 49 46 87 50 45 41 51 13 95 
66 85 37 50 33 23 59 70 20 51 84 75 72 37 91 19 68 70 9 28 82 46 9 68 9 22 45 65 23 90 36 62 22 26 32 81 64 34 84 66 68 88 57 76 45 7 77 38 43 17 76 80 90 1 20 1 1 26 32 49 16 53 16 57 18 69 70 15 87 64 37 74 1 77 39 54 45 90 100 65 42 25 71 49 36 29 65 80 49 55 48 50 30 16 46 10 30 54 48 71 
87 57 41 42 32 58 21 55 46 97 91 85 98 19 17 5 87 33 58 98 47 25 68 91 79 36 54 45 62 83 38 51 36 17 23 52 39 100 9 38 3 4 21 18 65 21 49 15 57 94 40 63 49 29 38 99 40 12 92 73 33 7 25 33 43 31 90 4 65 82 33 62 71 85 22 80 46 3 57 78 90 69 72 55 66 72 36 21 93 32 90 40 54 50 62 15 17 90 58 51 
85 96 12 85 12 68 61 1 84 6 15 78 83 75 42 65 65 76 56 92 71 9 81 39 42 72 11 45 26 54 39 61 11 68 39 91 12 71 69 32 48 1 83 46 69 47 7 100 3 19 55 36 89 82 95 14 35 22 39 26 78 64 97 10 20 62 69 47 70 25 34 6 31 10 86 50 89 53 10 72 41 10 53 56 50 55 90 94 59 51 48 82 93 14 45 68 29 8 15 91 
14 5 15 76 25 80 5 9 54 58 53 22 75 13 61 77 65 77 2 46 32 84 32 13 24 82 88 77 99 96 58 6 44 93 82 100 28 90 64 86 46 66 11 26 70 88 71 41 84 77 22 77 22 3 64 18 74 80 60 80 34 30 12 73 79 96 70 30 11 51 10 13 65 77 24 17 25 40 64 62 64 95 20 92 20 10 71 91 16 93 89 41 3 25 56 39 1 53 41 31 
52 70 2 81 86 71 48 56 48 13 75 7 76 40 41 94 12 16 97 29 89 84 15 72 96 26 5 83 92 93 28 8 93 89 73 7 8 89 42 54 74 19 44 73 32 47 19 51 79 29 61 1 37 35 14 51 91 69 69 2 31 83 24 12 35 59 84 49 34 88 63 22 71 16 96 87 81 91 42 24 92 12 50 60 78 99 85 24 94 32 6 59 52 97 45 73 92 42 10 12 
1 36 52 50 79 96 10 43 81 72 86 32 36 12 37 17 11 8 49 49 91 60 47 32 58 82 2 97 91 69 48 75 88 88 23 3 33 56 30 28 64 66 79 95 97 86 69 32 66 98 52 10 16 78 25 88 81 91 7 48 80 77 29 4 44 51 44 22 78 74 75 56 6 4 21 72 13 59 88 89 16 83 37 99 1 61 91 83 34 77 84 96 36 31 37 23 25 98 55 75 
56 16 4 36 47 17 2 13 40 77 74 51 36 58 32 63 45 2 83 38 1 54 100 93 24 46 95 35 44 96 62 9 96 71 88 87 100 86 32 34 8 94 75 5 100 60 24 10 62 97 25 74 24 18 100 20 75 22 11 13 59 16 8 9 40 91 16 17 15 18 10 90 5 66 96 60 5 66 25 20 44 74 86 46 55 87 81 67 55 89 28 4 47 67 41 72 79 99 55 65 
93 50 12 88 43 85 54 30 14 3 63 16 33 100 15 97 67 14 22 21 14 21 45 12 20 39 71 12 100 55 4 13 43 63 34 38 69 30 58 26 5 68 50 94 34 44 3 89 14 62 40 59 91 30 83 87 84 30 9 94 28 5 11 32 5 60 80 56 3 100 86 5 17 36 59 68 11 70 84 50 71 5 28 48 75 67 48 83 68 50 79 48 20 79 46 13 8 24 47 88 
88 70 99 42 17 67 93 31 22 100 66 4 39 82 100 24 43 39 91 65 50 30 47 59 15 27 68 45 83 62 46 27 95 32 23 94 29 8 12 98 27 49 70 67 83 83 34 42 12 68 94 100 50 100 18 64 20 51 54 49 95 52 11 45 62 73 66 54 38 83 49 9 66 67 82 7 99 25 64 86 61 23 58 29 59 24 2 75 77 2 37 80 6 17 15 46 77 84 12 33 
81 62 83 8 18 30 73 20 84 25 54 53 63 91 78 23 69 93 43 56 78 66 76 71 70 54 23 72 52 35 62 62 82 24 89 17 54 28 40 11 92 20 40 56 28 93 5 19 65 61 74 35 64 59 46 80 9 75 77 49 94 28 36 4 9 49 27 8 68 13 70 34 58 9 77 30 75 48 1 40 69 63 34 8 10 94 80 97 13 93 57 86 100 4 63 53 7 92 81 19 
68 70 7 4 72 88 47 75 77 47 13 84 96 72 91 74 25 16 92 80 43 10 6 29 17 89 13 90 51 92 16 8 87 93 47 18 91 53 39 13 44 65 11 70 64 8 10 46 27 29 2 68 87 36 45 62 24 75 67 64 39 30 87 59 75 20 96 73 55 25 11 23 3 46 83 81 63 50 2 43 92 16 26 17 95 83 63 30 73 99 91 15 13 98 96 37 46 43 95 98 
83 87 24 4 73 55 35 5 20 94 14 42 77 75 6 7 27 13 81 85 6 35 83 64 87 66 78 55 61 35 46 39 13 43 96 31 61 67 13 97 58 94 55 89 57 11 68 98 44 17 82 10 83 37 65 33 66 32 85 23 1 72 43 75 32 60 75 72 55 24 60 82 87 12 10 97 59 75 69 16 58 58 70 27 67 20 75 75 32 26 25 10 96 91 60 56 29 69 34 11 
71 66 58 82 75 21 75 76 53 69 46 7 27 38 13 98 14 82 93 36 87 100 78 49 13 23 57 46 74 84 71 73 39 15 83 16 92 85 21 91 92 87 22 73 28 34 62 40 89 36 42 4 74 16 83 28 72 15 36 33 33 9 27 71 90 17 35 60 52 61 3 38 6 71 48 96 18 41 100 9 96 28 44 53 91 94 95 50 31 84 88 99 50 7 74 45 57 54 75 57 
38 54 12 36 2 17 53 42 44 93 31 38 16 21 95 95 66 50 79 58 89 86 57 17 27 36 91 62 29 45 76 25 11 51 87 13 18 55 56 10 51 20 9 73 46 92 85 20 51 53 55 61 99 27 32 63 57 55 76 25 23 100 44 47 48 36 87 21 61 61 40 88 85 89 36 30 78 79 5 44 2 78 83 97 96 41 16 10 84 7 26 41 5 16 57 48 76 43 67 15 
18 56 25 68 39 9 82 47 57 53 3 27 59 56 28 79 39 38 12 23 91 57 37 9 18 36 65 64 8 7 63 32 10 14 95 96 40 98 17 68 56 36 60 75 52 88 36 48 17 79 24 4 6 81 47 98 91 76 10 98 29 13 49 71 23 47 73 1 93 4 15 41 34 24 76 81 70 17 42 94 9 13 30 29 87 37 46 15 13 3 63 11 23 45 24 13 64 55 36 51 
30 2 21 56 63 37 95 70 20 18 29 14 21 57 35 67 64 37 61 7 36 84 70 50 97 18 6 76 39 21 56 67 52 35 55 8 68 36 45 15 58 54 28 91 22 61 30 23 72 82 19 89 50 12 97 3 15 5 97 44 92 13 33 8 43 62 62 25 48 43 30 77 15 16 51 40 16 38 28 19 42 30 47 96 75 74 29 77 64 84 8 36 9 32 98 34 95 10 50 80 
61 32 10 30 25 36 42 89 58 16 79 46 86 31 86 46 36 67 31 72 82 18 11 58 23 37 80 19 11 90 76 86 15 18 61 21 25 71 32 43 44 24 6 85 91 82 3 94 97 91 35 7 24 88 84 3 13 41 26 32 42 43 61 92 77 18 30 21 20 37 59 89 43 38 85 97 14 30 21 30 80 29 69 39 3 50 24 35 96 42 48 9 89 70 37 63 16 88 39 27 
43 64 89 7 18 44 16 82 31 90 18 36 39 80 59 73 81 85 20 14 49 54 65 85 84 51 81 25 27 38 70 88 87 87 66 26 62 81 16 64 70 70 41 67 23 98 60 90 47 30 33 9 100 46 95 45 71 35 60 35 41 61 71 64 26 69 36 24 79 88 25 12 64 12 48 5 50 74 82 100 87 50 36 9 53 51 23 55 49 16 82 56 88 26 51 9 28 36 30 13 
41 88 62 76 41 15 60 21 93 12 80 71 56 39 91 10 89 90 30 13 36 92 52 43 3 12 84 26 60 12 93 37 92 50 99 22 19 78 89 87 11 24 76 12 80 45 70 14 99 6 47 75 37 65 69 63 76 8 60 11 63 61 85 51 90 40 24 61 31 11 26 60 51 44 20 71 14 11 64 17 36 64 7 77 74 48 1 12 10 55 42 60 41 52 76 40 18 71 10 10 
35 81 24 94 20 75 30 57 96 78 94 4 1 13 90 97 7 45 38 97 88 24 50 65 88 70 93 52 20 89 78 72 8 64 24 96 69 69 40 47 70 74 87 83 76 27 83 32 14 14 24 59 85 19 25 47 12 56 53 49 81 51 7 18 48 87 7 34 16 83 9 44 10 46 62 36 69 3 9 66 70 33 94 45 76 40 73 19 3 30 41 61 8 92 54 22 77 34 68 28 
9 70 5 63 36 15 38 90 56 93 72 40 30 60 44 28 66 16 13 86 28 29 70 48 17 61 34 19 41 57 95 28 22 78 29 1 1 73 98 25 40 92 79 13 83 2 78 88 20 73 75 30 30 34 78 94 81 40 11 70 38 62 61 92 12 75 97 40 16 47 7 37 72 23 11 87 70 65 44 17 43 12 48 87 25 92 67 84 20 1 94 89 87 52 68 63 53 21 85 13 
57 18 90 16 35 60 84 10 73 46 3 79 91 13 17 93 65 23 14 60 14 43 95 4 68 58 27 2 73 53 37 73 67 33 30 13 54 100 33 24 68 25 30 88 30 42 86 30 12 61 95 57 46 70 78 7 36 62 66 12 31 35 25 35 46 20 62 16 60 17 38 3 77 58 76 13 70 44 81 35 8 13 75 95 61 79 2 57 59 23 76 46 70 68 11 11 26 17 92 100 
75 52 86 52 82 86 36 46 95 26 94 18 65 25 14 62 13 29 25 27 79 65 98 11 52 2 14 62 62 90 46 12 10 85 16 68 6 54 89 22 77 47 15 88 73 58 34 67 97 59 9 53 94 67 87 82 80 5 68 57 37 84 65 41 82 8 95 14 69 11 80 92 6 36 87 95 79 62 81 97 1 37 44 7 27 60 74 74 43 53 56 30 18 93 63 18 77 23 72 79 
15 69 80 33 68 4 47 81 79 36 68 75 84 76 78 28 18 14 92 13 32 15 55 2 12 92 56 15 4 20 53 77 70 27 20 82 66 45 52 21 41 95 7 27 20 94 39 33 93 63 43 76 35 14 12 51 4 51 35 80 60 24 46 55 4 94 10 18 54 88 77 43 63 8 61 37 60 31 27 3 17 82 96 60 54 14 69 71 73 68 95 65 53 67 40 26 66 33 100 20 
80 22 16 3 21 35 77 41 100 75 51 27 17 71 39 90 23 57 33 88 22 56 71 51 26 58 58 63 7 62 42 52 31 14 2 60 31 97 34 89 14 2 97 49 72 54 59 27 71 37 24 76 83 1 88 35 1 8 38 85 47 50 19 61 80 24 50 40 12 98 73 30 12 78 47 27 29 99 3 60 8 28 66 90 69 8 40 95 74 67 65 32 4 54 15 36 83 39 18 93 
95 60 64 96 46 51 14 31 12 3 28 29 39 46 73 25 90 32 76 96 81 65 50 80 69 90 17 43 73 94 50 14 39 86 85 45 56 79 15 38 24 22 66 48 18 7 14 14 93 34 8 45 67 60 87 23 3 80 70 61 72 75 54 16 20 6 61 59 69 34 9 70 45 53 41 9 94 22 41 23 32 60 76 57 11 98 74 73 52 10 71 54 43 52 36 100 44 17 1 40 
20 31 5 87 6 45 25 42 91 6 34 4 60 49 23 75 36 29 63 57 33 62 11 46 10 14 51 85 89 30 38 4 75 67 47 14 9 45 69 45 31 55 20 4 59 31 16 53 41 19 87 7 60 96 75 59 4 1 97 63 88 29 86 5 11 87 94 79 6 24 51 62 73 46 34 51 46 85 44 80 6 60 36 52 89 40 5 49 15 95 95 58 52 80 82 69 51 76 18 82 
17 62 55 74 98 36 30 8 24 95 1 80 95 99 19 29 20 97 12 40 47 72 74 79 64 32 56 64 37 25 60 24 18 21 41 73 85 44 62 36 61 48 87 55 28 51 26 7 20 74 86 41 18 56 94 32 54 13 68 64 94 58 38 89 75 77 98 84 29 47 7 26 18 14 10 90 37 24 89 20 64 39 10 8 41 80 72 50 88 68 35 10 3 6 83 80 79 43 62 18 
69 21 84 49 89 96 81 45 12 82 23 34 36 62 23 47 8 37 55 52 22 29 2 41 33 38 43 13 98 4 13 3 29 1 15 79 74 30 67 73 16 40 52 8 43 95 4 93 57 26 62 61 84 79 24 20 74 47 77 53 43 57 2 39 56 59 58 77 8 89 51 55 62 7 43 99 65 59 80 86 82 54 88 77 54 72 99 97 92 18 3 51 80 41 50 25 94 57 32 71 
82 42 93 87 52 93 53 50 87 42 8 81 82 13 72 61 15 21 81 32 88 28 56 47 19 67 53 44 42 89 87 85 58 8 7 6 65 59 66 70 66 57 55 79 62 99 87 38 76 12 93 50 28 54 33 66 83 12 29 29 99 11 29 3 26 3 40 30 3 65 76 69 88 81 43 99 93 16 96 56 22 26 48 33 45 61 27 78 54 81 76 55 11 87 13 89 96 32 9 44 
42 83 15 17 24 100 43 42 15 53 92 40 87 29 19 29 8 74 68 91 31 30 9 13 96 16 44 54 53 67 47 34 12 26 70 9 33 75 51 69 78 96 19 64 35 62 58 85 85 28 27 23 88 13 25 25 3 29 25 31 82 10 73 86 50 93 74 61 73 3 93 92 5 49 92 27 84 7 88 40 47 36 68 67 44 85 10 70 39 99 42 1 49 31 73 75 18 96 7 68 
9 73 18 23 74 96 57 73 1 97 21 59 23 41 14 29 13 51 10 16 9 51 66 60 78 89 90 45 18 15 25 16 81 91 88 51 100 1 67 10 27 2 82 92 89 5 75 1 48 84 12 79 54 76 11 96 12 1 61 30 54 33 35 31 19 14 64 13 47 76 54 64 58 23 35 58 57 53 23 52 43 42 84 75 61 83 83 55 12 17 44 22 99 70 9 31 80 41 76 7 
58 53 44 38 64 13 49 20 22 54 32 97 77 37 83 15 78 36 71 25 81 98 96 82 21 88 56 48 65 90 87 10 77 68 65 37 95 10 33 60 75 48 46 7 23 57 9 95 23 4 78 23 21 29 24 21 32 59 7 78 90 48 44 15 35 82 60 15 9 83 2 53 31 96 51 48 64 50 54 20 87 14 32 82 27 54 16 19 74 69 80 66 9 96 96 85 78 63 66 46 
28 83 63 10 69 75 64 35 3 91 4 30 52 49 41 13 39 31 4 80 31 16 13 98 21 93 68 35 78 75 38 16 92 31 92 56 63 11 27 84 86 43 11 71 78 52 63 52 14 84 13 78 34 5 92 14 52 68 33 32 39 8 53 24 96 29 12 89 37 68 30 28 92 51 45 43 10 58 10 74 77 57 64 72 81 3 61 53 89 89 58 10 68 62 4 38 43 62 64 82 
42 21 34 40 43 23 38 45 47 22 47 39 2 22 1 49 22 40 91 60 76 45 16 72 69 84 26 64 93 11 47 83 79 2 91 24 49 23 34 58 71 82 29 68 7 78 53 23 77 8 1 98 7 15 60 80 28 4 29 33 46 36 17 67 29 8 47 74 34 23 86 53 27 24 35 99 8 72 79 76 94 40 27 87 93 20 29 5 97 99 72 55 5 12 95 60 26 44 20 27 
98 61 56 54 58 84 92 69 25 88 32 93 39 76 33 36 57 33 62 85 86 41 48 61 30 22 74 65 73 90 21 70 58 44 90 78 5 24 46 85 23 16 59 71 62 90 46 26 30 95 78 31 3 64 90 8 42 58 33 99 52 24 39 17 11 56 7 5 5 77 92 63 63 44 29 55 29 45 58 97 86 73 46 11 1 21 71 87 80 73 36 57 25 75 45 75 27 47 58 78 
63 30 95 20 88 31 50 89 46 29 6 31 92 96 45 20 28 52 6 42 7 3 56 21 41 23 31 18 12 21 81 6 38 76 21 27 92 82 64 87 46 37 49 73 97 80 98 68 24 17 70 57 13 35 21 88 85 26 99 94 82 32 9 30 14 20 76 62 6 42 60 68 93 18 92 37 74 22 56 16 87 23 8 41 90 33 57 50 92 53 22 87 19 12 28 48 98 89 41 70 
61 66 95 48 95 67 99 78 76 39 61 6 78 84 60 4 16 66 64 43 79 2 73 56 100 100 38 55 52 99 57 99 64 78 88 15 95 41 92 54 92 66 70 40 35 88 45 26 20 32 4 84 72 39 94 86 82 68 41 58 89 54 6 84 73 93 20 67 30 52 31 86 13 2 44 73 15 39 61 65 80 64 78 84 11 2 76 43 45 66 82 7 65 14 74 96 39 66 76 36 
10 99 59 94 77 74 22 96 35 53 2 14 84 56 36 56 76 71 26 51 29 69 74 89 75 19 98 63 25 9 90 43 39 14 69 88 67 32 19 5 24 19 97 2 30 73 24 99 48 62 65 56 73 47 100 42 45 59 13 44 39 34 45 47 86 74 2 44 26 98 47 39 4 87 89 72 70 6 11 86 6 90 5 5 93 21 74 97 60 62 47 78 26 25 5 5 73 26 41 66 
56 16 39 85 34 24 90 25 80 81 36 12 26 80 29 19 57 95 17 52 14 91 25 2 45 69 100 34 72 40 43 99 69 23 18 37 49 86 6 42 31 49 68 78 94 42 9 69 70 34 50 14 1 43 43 71 16 97 3 19 96 51 77 100 73 37 67 86 11 46 90 72 21 95 48 99 36 47 39 100 47 73 1 72 37 66 6 48 39 83 87 35 79 49 100 62 43 34 74 25 
6 86 11 45 78 47 81 29 21 2 70 91 93 72 80 89 42 10 14 47 54 59 60 34 78 96 82 27 56 70 99 22 32 10 11 18 2 57 41 7 20 16 38 29 65 32 95 76 15 56 71 41 18 50 4 45 91 64 19 50 88 1 16 3 35 98 25 25 21 36 78 40 45 28 88 74 72 82 76 8 99 45 39 8 14 31 14 99 56 25 14 6 5 28 93 95 31 38 99 18 
8 49 80 31 36 37 48 48 20 37 26 2 13 36 41 37 94 30 43 49 98 2 25 25 23 97 3 56 33 23 45 97 69 34 79 91 93 33 43 16 46 41 89 44 67 90 92 82 4 15 59 31 56 95 68 47 20 50 12 3 37 63 8 82 10 55 16 94 13 97 50 93 5 29 71 78 62 67 68 10 11 82 17 6 31 71 93 62 58 43 51 63 38 28 83 80 49 88 84 10 
90 47 41 37 37 53 93 92 58 68 69 84 40 26 87 1 21 58 44 62 91 51 86 38 90 31 5 4 64 31 35 79 95 64 30 35 86 44 47 10 84 61 94 98 80 31 47 67 26 94 4 96 65 56 87 7 12 20 31 35 46 73 45 75 68 98 98 86 16 21 75 21 65 86 19 79 62 20 95 35 27 43 55 93 98 33 75 99 2 3 50 97 67 30 22 7 45 64 43 42 
62 27 79 70 81 99 75 44 43 78 31 16 47 80 72 63 63 6 20 46 72 58 96 75 87 78 17 26 50 3 40 21 86 16 87 38 76 49 24 7 52 66 75 97 41 82 70 12 61 20 84 55 60 63 3 9 51 59 29 97 65 41 41 88 74 54 88 39 12 46 75 2 29 55 56 52 9 99 75 90 98 73 77 11 47 66 21 49 11 100 91 29 70 100 64 20 38 56 50 62 
86 20 31 30 83 68 20 96 80 20 42 68 74 18 100 99 93 28 28 87 42 76 51 26 71 73 88 83 55 40 61 63 48 67 53 27 51 63 77 40 68 58 85 90 1 8 26 89 65 1 23 52 67 13 4 32 13 35 98 35 61 7 96 93 41 39 4 94 60 80 98 35 99 31 11 62 56 27 4 27 48 43 82 23 20 11 30 34 83 25 38 73 6 83 85 53 78 31 61 74 
22 28 80 19 83 63 90 72 29 27 99 1 70 42 11 24 44 100 39 41 55 93 87 13 42 79 73 28 98 39 65 48 81 100 59 65 12 32 33 80 5 75 48 7 14 24 78 29 53 20 99 88 73 14 74 98 43 27 90 40 48 81 5 62 25 17 92 35 27 55 47 72 9 71 51 61 86 4 68 96 29 16 21 50 51 94 29 58 55 72 58 94 98 3 32 33 98 20 2 40 
6 8 50 5 7 64 14 6 37 62 91 33 41 18 96 42 76 54 52 70 63 75 28 77 20 10 11 58 75 1 78 96 22 34 46 80 80 13 38 32 9 72 6 39 3 56 17 49 68 85 85 54 1 16 74 63 96 99 55 79 38 62 71 81 49 95 32 61 14 14 20 66 86 51 43 87 47 36 48 64 76 5 68 72 3 25 70 81 60 36 96 5 97 16 3 30 38 48 32 46 
6 45 18 8 27 24 37 24 85 97 56 19 2 26 22 71 7 88 19 13 39 24 80 15 22 75 58 71 78 34 25 26 55 78 60 3 58 94 21 33 1 62 23 79 2 81 67 12 94 81 70 73 16 95 64 16 75 24 50 84 93 93 62 9 15 93 57 39 27 21 98 55 64 54 77 48 88 37 38 98 16 21 70 9 73 22 34 92 11 77 31 31 99 80 96 97 77 69 55 70 
23 6 53 48 43 8 74 50 26 64 5 37 77 92 95 45 42 98 82 34 50 43 26 42 57 94 13 4 85 18 44 53 59 96 59 17 21 67 78 85 94 33 5 4 93 58 9 75 11 86 86 69 92 71 36 5 75 37 24 94 65 1 71 74 99 86 67 57 83 92 15 23 15 78 97 42 21 59 22 77 96 48 20 3 38 78 21 98 65 14 29 38 29 20 49 8 54 67 35 90 
71 7 67 88 3 84 48 43 100 71 45 91 48 65 54 8 37 86 15 36 49 71 99 40 84 35 67 65 94 17 38 98 93 56 34 39 6 42 42 95 47 68 48 37 79 76 9 63 82 86 56 37 6 33 63 83 22 5 73 33 81 60 1 38 49 83 13 32 98 76 8 71 28 42 23 84 37 9 97 77 7 80 63 23 17 84 15 37 89 7 58 12 97 24 71 18 99 13 79 13 
48 99 35 61 78 66 44 75 100 68 5 53 28 90 100 28 24 12 99 56 51 17 11 42 92 83 16 30 77 49 100 6 83 100 3 77 87 64 5 100 62 23 31 18 74 25 49 20 65 12 52 80 73 90 21 15 11 45 94 72 29 71 36 5 15 58 46 34 100 59 21 46 67 85 37 33 99 46 48 52 94 77 79 47 45 60 66 81 96 44 98 16 44 56 28 53 40 63 15 1 
84 64 34 55 46 35 66 1 15 85 61 3 24 95 4 5 56 79 14 62 95 71 92 39 39 92 97 93 34 87 83 52 27 64 31 97 17 70 81 92 51 33 13 25 9 87 75 27 62 41 48 42 63 35 13 3 40 16 2 54 93 31 27 20 73 67 36 24 92 95 74 39 42 42 76 31 42 18 17 58 70 25 72 68 98 37 50 29 1 91 73 28 3 89 53 41 35 29 18 35 
23 26 10 93 24 21 27 67 14 53 81 81 27 31 43 41 34 9 40 83 5 28 73 77 100 12 86 74 44 16 75 15 56 32 4 36 50 51 14 60 66 14 62 60 77 16 33 6 30 85 28 24 57 21 75 22 49 67 72 67 63 23 20 27 66 1 19 29 87 43 69 65 60 43 5 53 81 72 25 73 93 93 71 55 74 50 62 20 4 86 53 37 76 75 16 1 75 24 37 65 
60 66 38 12 54 54 93 45 41 22 35 43 79 18 7 74 9 31 10 33 7 4 41 31 23 3 41 34 70 33 54 3 59 97 31 68 22 13 21 63 25 54 57 89 7 49 41 39 37 73 86 81 73 74 46 63 41 41 18 15 86 59 41 69 73 99 51 83 72 94 90 50 48 29 10 67 18 37 7 19 34 18 18 79 56 22 68 41 68 27 26 59 81 97 9 99 43 32 71 49 
10 63 15 7 37 5 49 63 83 99 58 13 4 54 57 54 34 52 80 52 31 30 68 77 94 22 60 4 2 61 8 71 45 77 54 91 14 15 65 50 61 46 34 67 24 21 10 1 41 96 45 55 51 17 78 16 81 82 45 20 53 72 83 65 14 45 1 64 25 99 34 19 33 66 26 69 10 14 5 60 51 37 42 73 59 70 9 14 87 49 83 41 70 90 43 2 19 25 59 25 
5 95 51 62 85 50 13 95 63 84 37 79 42 1 80 31 53 68 93 49 19 55 44 12 90 64 45 18 62 36 29 76 89 53 7 86 54 23 81 51 61 40 47 58 72 18 46 73 61 61 99 59 60 31 71 93 40 49 44 72 83 69 89 47 84 54 61 41 97 56 78 19 61 58 41 96 76 31 35 55 78 63 57 64 88 5 3 53 7 10 5 86 39 29 96 14 20 76 16 63 
91 40 50 42 47 83 42 75 60 36 93 73 68 74 71 3 100 22 52 71 84 55 31 5 88 96 23 37 9 79 89 66 22 60 29 45 94 73 94 85 13 39 91 26 97 81 81 22 1 9 30 8 22 61 84 46 45 3 43 35 94 44 52 22 77 39 60 2 93 77 74 95 76 100 2 19 45 69 36 22 54 72 31 11 27 72 18 7 38 90 81 21 36 7 57 89 67 78 97 47 
32 50 87 53 43 49 73 53 89 94 7 85 74 79 79 93 81 35 37 81 17 34 23 2 94 37 73 61 22 23 61 31 28 34 67 45 6 90 21 60 40 73 28 71 56 18 27 53 84 87 1 16 33 77 12 94 28 39 5 66 64 51 64 50 59 41 77 46 85 48 44 98 18 49 59 100 42 21 40 74 38 56 66 28 44 75 11 62 97 3 91 22 22 3 93 98 59 44 49 39 
99 76 70 84 59 37 65 37 34 55 83 4 48 46 93 86 63 53 33 93 1 10 28 65 70 46 73 35 76 77 90 52 97 49 93 76 49 55 45 42 18 89 20 73 99 19 67 40 10 2 49 12 76 77 67 53 29 27 52 8 67 26 29 79 11 53 82 32 21 42 9 45 91 33 97 84 56 45 78 84 51 21 80 46 48 33 41 6 53 20 57 33 28 39 96 76 6 72 3 23 
72 13 36 85 2 33 31 44 73 44 14 78 12 14 35 21 63 95 3 100 23 23 70 75 56 95 58 46 42 26 72 54 68 54 79 57 80 24 77 4 77 74 67 30 34 50 78 26 84 54 57 1 65 83 53 94 25 46 98 8 83 50 52 95 60 18 6 90 11 58 35 60 13 27 78 22 48 92 75 14 69 11 79 56 43 15 74 33 21 11 33 13 16 27 74 26 65 89 21 13 
69 76 43 57 40 67 3 12 20 69 95 15 4 74 90 62 49 38 21 94 31 12 21 46 96 24 93 71 50 94 2 36 57 67 2 27 50 20 47 100 66 64 81 26 11 41 38 35 10 78 93 5 41 63 91 16 39 74 10 39 94 25 1 23 66 56 45 18 99 42 76 13 12 82 24 22 3 58 24 25 48 89 23 94 46 12 21 79 16 54 64 80 37 49 87 97 2 12 55 71 
47 9 60 11 1 93 25 71 59 71 71 70 30 13 32 27 85 72 50 16 92 93 35 45 34 63 44 47 60 69 97 100 88 86 5 20 100 6 79 92 37 1 40 88 54 61 96 65 95 89 74 65 96 7 29 74 55 51 2 57 82 24 34 92 58 100 94 51 53 100 96 39 73 16 57 57 37 32 81 99 46 92 71 11 57 36 40 9 75 8 97 72 91 74 95 12 31 50 59 72 
41 35 89 37 17 49 22 9 69 46 66 70 41 40 92 35 81 57 99 28 27 42 88 90 91 20 65 21 21 78 67 45 100 33 8 53 53 1 28 20 12 13 13 84 25 62 71 31 37 66 10 34 7 22 37 50 80 30 73 34 74 69 65 5 35 86 72 32 20 47 17 40 13 21 94 16 85 37 14 94 31 6 77 69 28 48 80 41 21 84 100 11 27 80 93 18 73 58 78 52 
92 13 10 46 25 72 76 27 64 52 54 14 48 7 57 39 99 8 49 64 93 55 21 61 7 60 3 49 83 51 57 14 77 56 59 55 89 95 95 17 34 64 46 4 43 70 25 62 33 62 99 98 22 76 85 72 42 34 97 97 36 56 57 49 61 77 66 59 11 49 55 34 25 82 50 23 54 9 40 82 43 43 63 22 8 48 37 4 70 63 55 97 76 41 89 13 20 76 71 55 
45 69 34 13 11 96 78 58 80 7 47 55 12 16 64 1 48 92 32 56 17 52 18 60 69 56 21 93 89 96 46 2 13 12 97 92 54 74 31 2 75 96 95 6 75 25 7 2 89 56 36 32 29 2 24 38 28 83 81 56 77 82 81 95 24 56 17 96 35 49 90 66 82 80 79 77 14 70 45 79 37 52 87 53 30 86 5 62 37 66 61 58 37 15 97 98 27 87 93 34 
81 56 6 89 81 6 19 57 77 77 26 2 67 3 35 90 28 7 71 97 96 47 28 65 93 56 98 32 74 87 74 63 63 21 92 87 47 92 85 26 32 93 25 3 77 96 20 20 97 95 2 38 19 26 61 62 59 88 11 57 95 33 49 23 41 43 25 77 64 2 93 3 80 61 66 43 59 65 44 31 98 12 56 22 40 31 21 55 67 26 82 26 99 54 16 84 76 83 46 65 
64 61 100 100 31 25 67 37 70 96 20 56 24 16 5 8 97 12 5 49 65 28 29 60 45 8 71 68 88 97 91 95 33 57 96 9 38 27 78 80 79 24 86 70 88 44 47 91 25 36 69 47 5 73 22 95 18 36 8 37 88 81 83 64 72 51 84 78 47 18 93 57 23 19 58 57 48 72 25 55 83 12 6 84 86 81 68 16 85 55 21 6 61 43 11 71 2 59 99 92 
15 60 67 9 32 93 13 46 51 28 63 43 7 82 20 46 67 67 85 63 31 98 55 55 58 6 5 100 88 76 6 9 47 76 42 43 77 24 1 19 60 91 64 58 10 14 50 64 42 77 59 95 82 21 66 37 7 68 9 28 40 80 26 44 55 88 50 27 4 83 57 8 10 15 19 71 20 50 60 18 60 99 97 24 73 70 64 20 26 92 51 67 42 59 10 3 18 67 14 75 
18 95 88 75 70 98 58 59 30 37 47 71 100 54 9 99 94 60 44 42 91 3 96 89 41 10 85 12 15 6 56 50 28 98 21 63 93 43 2 61 13 96 38 79 38 81 26 85 8 25 86 93 20 20 61 20 79 79 47 18 86 72 70 24 4 62 62 80 61 62 41 4 13 14 17 33 43 62 12 50 14 47 2 86 95 54 100 99 33 96 6 1 56 95 34 62 94 29 30 92 
30 87 10 97 32 17 86 1 81 68 44 52 58 80 16 89 91 19 31 13 1 24 19 2 89 84 74 78 21 76 81 78 74 55 77 33 56 13 65 99 23 28 71 72 2 88 87 35 14 13 27 91 25 56 12 12 52 91 39 65 6 86 82 38 70 32 43 24 47 54 21 32 70 65 3 9 53 62 23 4 92 3 18 61 98 81 71 25 58 23 31 27 65 14 15 19 82 50 40 91 
89 44 54 80 23 53 73 60 51 100 59 99 40 77 53 33 57 31 85 91 71 60 69 28 50 27 36 14 97 86 57 94 68 39 83 1 94 75 92 8 85 80 4 56 83 40 57 1 27 34 33 17 83 20 96 17 57 63 37 40 4 100 13 10 86 81 35 20 62 25 53 29 8 22 18 47 72 51 26 93 52 55 48 21 10 14 44 34 61 91 57 33 16 34 19 20 71 7 24 89 
21 49 60 27 80 56 23 2 69 76 5 66 29 94 11 21 75 10 26 65 26 45 97 75 55 18 38 8 52 11 72 45 32 88 91 52 76 88 66 95 8 23 44 14 22 13 97 36 54 84 66 60 43 63 84 79 27 57 95 63 63 52 64 87 86 2 56 32 9 69 72 79 85 83 30 96 90 55 54 95 58 15 64 78 65 51 84 74 98 44 72 34 99 94 10 63 71 45 26 17 
24 3 6 60 45 73 94 42 92 3 71 88 89 95 26 24 9 90 10 73 55 78 93 72 24 67 73 69 8 58 1 67 8 15 23 92 13 91 22 72 73 30 19 95 8 11 22 28 38 1 46 96 80 39 3 66 82 95 34 56 46 87 21 37 74 29 98 35 94 97 37 48 15 26 62 46 44 43 3 54 83 36 34 79 66 32 74 87 78 78 70 17 5 90 46 58 31 51 29 14 
95 4 23 31 25 29 90 64 79 80 96 23 42 69 89 92 52 57 77 54 80 36 50 37 88 42 65 43 85 4 47 80 50 12 87 55 81 17 73 49 32 88 19 32 2 13 38 62 51 86 42 37 12 52 68 88 16 32 60 80 72 75 5 5 23 86 14 55 76 26 7 78 40 36 89 3 23 2 12 41 22 6 28 77 62 17 72 50 36 81 33 15 67 47 66 4 38 36 12 37 
94 50 42 36 23 7 36 29 90 34 2 85 28 67 14 63 33 66 1 92 77 84 2 20 58 50 100 44 63 61 3 72 7 44 88 85 63 93 51 57 75 33 79 57 79 8 80 64 20 90 28 62 98 57 74 32 57 55 4 57 24 93 47 13 67 83 85 14 34 65 12 92 4 49 17 50 2 86 70 91 2 62 98 50 55 82 6 75 8 25 85 90 84 12 6 28 57 41 43 92 
78 31 46 3 46 5 47 53 50 9 65 43 34 94 80 43 32 85 67 71 22 9 5 36 2 89 67 44 33 28 100 67 87 65 19 79 53 21 72 44 32 14 84 83 34 32 84 25 68 40 50 63 4 21 25 68 25 61 15 18 35 61 29 28 87 75 10 7 66 31 23 5 95 93 42 9 83 31 83 67 67 39 59 68 65 58 31 46 8 82 87 5 59 30 30 25 52 94 46 58 
79 5 99 30 13 40 12 66 81 62 7 66 52 17 61 37 5 73 21 24 50 44 57 6 10 98 81 48 56 73 75 34 25 48 90 96 92 64 41 59 46 48 71 67 11 55 84 84 58 33 16 31 24 70 28 49 69 49 35 41 20 97 12 82 24 74 23 5 14 65 87 72 90 60 42 70 35 49 14 19 18 91 6 25 63 54 51 67 19 62 68 93 49 39 91 68 92 36 46 86 
76 83 10 58 73 69 5 68 53 51 95 3 34 23 8 19 60 38 21 32 95 83 6 42 26 77 65 62 7 21 47 6 76 97 18 31 16 11 89 81 55 89 79 100 51 16 9 36 76 99 64 87 32 31 77 18 50 47 1 26 75 45 47 28 85 88 98 5 17 93 41 2 27 18 60 26 40 96 46 69 74 79 37 40 97 93 52 2 3 70 89 77 75 45 69 78 32 55 80 61 
14 56 99 66 50 21 77 56 24 28 34 3 31 94 25 19 74 2 2 17 89 54 21 77 12 20 44 65 31 32 91 53 100 17 81 51 28 64 91 8 54 8 43 96 100 33 19 12 74 52 97 18 67 69 83 87 41 100 30 58 55 23 88 28 13 71 5 17 11 12 64 63 27 9 90 22 77 58 69 92 81 29 6 41 42 21 62 79 28 40 65 8 11 92 41 92 62 37 12 24 
36 92 93 53 20 86 94 71 13 30 29 42 67 11 32 75 94 37 48 99 2 57 89 38 65 14 22 53 38 61 3 26 3 12 44 6 54 29 45 82 86 12 96 83 93 97 94 37 66 71 17 69 20 11 73 82 64 87 73 64 12 13 93 42 92 10 82 79 20 32 92 96 22 61 95 92 3 17 43 90 73 25 10 24 51 2 97 52 86 28 24 64 97 48 52 42 1 11 2 40 
72 64 94 15 59 13 65 23 87 81 69 10 25 9 54 15 23 82 57 77 30 27 2 83 86 79 31 45 26 34 19 33 10 74 98 76 88 29 31 59 4 82 14 88 91 2 71 41 38 49 99 15 86 100 77 52 30 38 32 98 75 96 90 6 65 54 44 58 87 77 66 18 22 37 65 57 55 16 22 85 93 33 74 68 23 55 65 93 4 40 61 15 37 89 69 60 29 28 58 35 
61 41 68 44 5 77 79 18 19 69 58 34 52 65 74 71 97 17 86 76 52 12 8 69 7 3 47 42 75 53 17 97 70 74 75 69 2 7 26 64 74 38 73 59 69 40 52 10 50 84 23 39 49 59 43 60 40 54 90 72 79 14 1 20 95 47 10 90 73 93 95 69 96 99 37 77 85 72 33 20 53 65 60 76 91 99 63 83 16 34 54 94 22 31 77 19 46 71 87 54 
55 3 26 72 37 81 60 5 53 95 2 73 66 95 31 65 36 14 59 74 10 9 50 7 57 42 53 48 75 80 60 33 31 83 13 68 10 99 61 36 18 90 82 81 93 23 29 86 1 49 39 60 11 94 85 3 1 88 62 78 85 36 38 19 39 47 3 88 11 69 73 77 60 73 48 9 65 81 71 32 94 44 69 25 4 91 14 27 89 51 80 14 33 74 18 63 70 89 35 98 
62 59 96 82 31 17 23 17 49 9 94 31 14 76 44 82 63 48 25 83 75 74 39 39 96 48 78 87 24 94 50 66 93 80 22 78 84 88 58 45 64 54 94 93 60 86 63 49 17 45 34 8 94 5 86 97 31 49 44 93 44 98 9 77 89 48 25 7 99 32 39 39 56 44 74 17 38 52 88 77 4 25 100 9 1 29 61 13 4 42 43 78 9 49 66 51 82 94 39 78 
70 65 41 52 60 20 5 66 82 79 14 76 76 77 26 58 32 79 47 42 41 43 61 54 33 70 91 82 27 73 6 61 93 100 4 31 37 8 13 89 67 34 67 89 70 90 39 49 82 34 40 2 75 90 6 59 16 47 40 19 69 44 23 78 65 42 44 80 82 61 19 13 46 6 21 85 86 72 1 49 36 30 52 30 67 91 71 28 25 100 71 87 73 24 25 91 32 76 56 54 
14 71 28 95 88 72 64 68 70 61 54 8 92 51 47 99 21 41 87 29 3 48 29 54 3 5 17 22 63 47 55 67 93 95 87 44 45 77 14 33 8 84 100 14 81 64 58 82 30 68 95 55 9 22 40 72 64 48 53 16 79 17 5 36 92 85 61 94 94 16 99 8 52 25 48 3 87 59 69 3 81 91 40 87 66 54 32 9 40 80 25 52 27 86 90 12 1 57 85 26 
37 47 84 34 74 4 59 91 20 32 81 26 73 30 34 46 58 85 15 88 23 98 38 16 50 23 22 45 60 78 53 48 36 45 38 87 33 5 37 64 13 60 29 1 62 89 31 60 72 50 19 15 5 80 54 91 27 85 70 78 62 23 80 25 41 39 16 51 81 96 79 11 97 66 24 97 91 69 70 49 56 32 69 2 46 2 98 33 71 65 99 19 34 72 86 85 37 2 11 28 
97 84 58 51 81 100 68 39 76 12 95 99 98 7 69 2 34 31 34 82 8 63 57 13 96 46 47 87 15 49 90 2 26 55 89 9 18 80 79 43 71 16 52 87 31 68 32 63 57 21 79 60 20 34 37 21 19 21 11 14 86 29 34 76 43 84 75 1 23 4 32 89 80 31 13 98 51 6 57 65 39 17 45 71 66 77 54 100 75 16 3 10 80 80 71 96 65 49 90 61 
25 3 48 12 77 36 35 75 56 54 34 97 57 7 19 48 30 84 34 27 87 57 21 81 86 38 80 46 89 6 60 24 70 22 19 42 81 74 22 6 79 59 85 5 60 34 70 92 27 79 56 70 44 20 79 48 70 27 42 7 52 15 93 54 70 43 33 33 39 97 69 42 36 31 66 35 35 46 88 34 2 2 40 34 19 66 39 53 18 21 72 7 86 93 65 2 97 43 58 28 
15 6 72 89 37 66 8 65 51 70 30 47 83 6 55 100 22 73 42 98 57 89 33 86 94 77 53 39 28 40 27 37 97 37 21 80 88 19 85 20 1 17 69 50 24 20 34 50 73 1 94 20 7 61 95 78 69 72 98 34 83 87 71 3 92 61 69 35 35 64 15 81 10 72 63 4 79 92 68 80 8 25 22 100 53 93 44 36 53 4 90 62 33 5 63 99 1 28 43 50 
36 33 56 35 63 59 53 30 77 73 23 36 87 47 44 27 46 28 53 47 4 12 69 39 34 32 22 89 9 11 40 81 55 48 59 3 98 51 53 2 79 15 55 22 45 90 11 88 40 75 49 49 88 67 50 91 40 76 60 46 39 52 64 2 94 67 45 40 85 28 71 28 29 96 98 41 95 26 69 77 77 91 37 20 62 71 65 48 12 39 32 41 2 68 59 35 26 46 46 58 
87 11 76 64 9 77 26 79 14 49 69 32 9 40 29 57 69 15 35 70 57 97 60 99 3 8 48 77 47 30 8 35 80 37 50 87 38 38 93 23 29 34 51 26 68 46 42 16 89 64 40 86 98 24 96 78 84 1 42 63 7 40 98 68 60 40 3 11 45 97 78 90 87 75 91 49 100 90 86 21 27 76 21 92 33 84 98 23 89 37 44 21 70 67 90 15 82 70 59 19 
35 76 51 98 71 16 77 91 4 36 1 60 7 71 49 33 93 100 76 85 100 2 29 21 34 41 51 29 74 98 7 8 65 64 61 100 14 24 48 61 99 14 30 65 99 51 24 73 43 19 8 100 26 62 94 38 76 49 85 42 4 1 55 94 74 32 80 43 26 33 38 18 83 38 75 68 95 72 60 89 23 47 25 41 9 74 49 2 59 54 5 20 11 13 51 9 63 24 22 96 
79 6 93 27 74 37 2 75 22 68 52 82 80 90 28 31 14 66 93 54 57 99 46 1 24 66 93 58 12 36 39 75 79 68 99 66 66 9 18 91 31 6 43 30 44 33 87 47 49 73 15 39 86 83 20 65 57 19 88 3 94 30 20 89 45 44 63 33 85 52 85 35 58 39 65 38 68 73 22 40 63 11 16 25 67 11 27 65 7 96 10 3 40 58 73 72 73 39 46 20 
9 96 69 37 87 73 86 27 93 17 29 24 36 60 29 45 99 80 42 70 38 77 12 60 76 28 45 71 96 68 21 37 47 75 64 31 35 21 21 38 20 49 93 70 6 31 15 4 12 44 76 25 91 91 77 46 92 57 15 73 75 78 92 49 54 54 93 22 66 51 53 25 16 24 2 57 99 59 100 37 57 16 68 91 87 9 91 66 29 32 7 60 56 46 7 80 54 67 41 8 
34 86 30 60 18 56 71 74 86 57 97 7 27 84 70 59 87 70 31 58 68 8 55 58 45 25 96 93 65 4 47 8 50 74 29 91 22 34 66 26 99 45 68 40 67 49 95 13 94 33 92 71 42 27 34 39 58 24 65 44 36 15 28 78 27 10 67 32 28 40 79 9 30 3 15 7 90 13 2 31 35 18 77 86 26 60 93 83 35 47 33 31 49 63 36 55 91 13 88 50 
49 33 25 45 72 48 18 3 89 91 91 51 20 14 84 27 56 4 99 80 26 13 20 9 38 35 54 39 85 64 47 93 96 58 46 93 14 32 57 34 96 56 35 50 49 13 20 77 20 92 39 76 50 53 49 53 62 95 45 35 28 97 74 41 74 78 17 56 81 72 90 50 37 85 78 68 56 85 45 34 34 36 30 42 24 22 46 30 5 33 27 39 94 68 72 21 34 33 46 18 
72 48 80 18 5 52 67 36 8 53 17 17 85 1 72 37 2 86 94 35 69 47 84 68 75 71 14 59 50 67 93 85 25 52 63 33 64 15 6 34 74 20 65 98 82 66 3 46 98 53 58 27 52 93 99 46 13 50 5 85 50 81 91 85 41 43 88 55 65 63 79 17 84 12 56 86 41 61 10 84 35 29 31 5 53 30 81 72 36 44 9 18 82 37 45 41 31 12 91 12 
100 75 6 10 16 2 51 65 30 40 84 71 18 92 62 34 51 41 28 56 64 74 49 16 45 26 84 83 3 3 25 40 65 95 16 43 68 76 61 21 19 46 39 22 14 75 81 76 35 8 80 50 35 75 4 34 56 59 100 71 70 70 35 70 38 17 18 67 37 45 49 48 55 4 37 62 58 88 21 68 32 9 33 46 36 90 54 42 3 72 99 61 73 18 71 31 97 23 67 97 
76 76 59 45 2 62 30 89 6 98 28 38 41 77 87 45 6 23 99 32 68 46 7 82 59 91 38 10 71 84 58 87 33 25 57 91 5 34 19 32 46 51 5 69 2 25 69 65 28 86 19 47 79 35 64 12 19 50 47 74 4 17 92 86 17 45 12 9 90 78 65 39 20 99 90 90 91 34 37 59 94 20 42 95 47 17 88 77 39 11 27 48 1 12 6 43 59 63 53 3 
37 9 4 67 12 77 69 62 17 54 84 98 95 37 67 57 27 11 17 71 48 62 12 19 28 1 83 37 76 9 59 39 86 69 29 28 82 6 8 43 35 46 61 96 80 90 43 64 92 22 35 72 21 77 22 68 92 47 49 45 51 54 28 39 26 47 25 39 92 7 75 44 15 65 53 78 39 100 60 79 74 57 90 90 52 49 45 35 56 38 57 86 54 25 68 36 69 51 98 26 
8 42 77 100 17 79 50 22 33 69 56 6 51 42 87 35 27 99 80 46 40 55 26 79 100 31 63 62 32 42 65 94 86 31 95 90 44 21 68 27 32 8 27 98 74 14 61 91 20 31 86 46 91 70 37 37 13 64 58 54 91 36 90 94 48 46 23 32 50 71 74 19 55 83 91 82 85 80 9 9 12 59 47 36 48 33 20 67 38 33 54 76 82 82 61 11 50 49 57 48 
18 24 35 81 16 90 100 24 87 83 6 9 41 51 29 12 90 28 31 31 17 37 73 69 76 96 23 31 83 19 99 8 15 45 50 46 59 64 11 83 86 17 37 72 18 50 65 11 94 75 42 90 54 57 41 18 52 25 88 95 90 76 19 62 94 64 87 47 10 67 31 87 72 6 96 25 54 52 100 17 61 20 55 33 68 95 12 36 30 90 57 77 44 27 70 5 3 20 20 61 
96 98 23 26 11 11 17 92 59 7 92 82 33 100 42 100 86 25 3 86 31 100 37 8 39 59 36 83 47 14 88 66 67 47 14 57 94 86 19 96 64 99 79 95 4 11 36 49 80 32 84 80 27 95 86 91 84 97 65 76 97 15 49 86 58 12 84 75 93 82 38 78 8 78 27 88 83 89 54 30 39 18 37 12 25 84 47 42 2 40 74 89 55 53 35 68 18 38 6 40 
72 52 36 31 60 72 22 41 24 63 60 23 3 61 47 90 88 46 31 20 94 61 74 75 46 95 26 77 91 86 6 10 73 50 57 43 30 75 10 90 65 62 14 4 11 5 38 93 57 47 63 82 51 30 78 15 86 78 91 69 62 96 31 51 75 40 6 13 27 52 75 69 28 60 65 65 28 56 25 53 66 78 94 23 80 80 24 30 77 85 65 28 55 68 14 89 9 46 43 77 
23 17 3 32 71 54 9 84 68 29 4 9 84 28 20 58 72 73 72 76 38 92 58 100 58 67 10 64 7 61 27 46 41 74 6 5 62 30 14 26 99 50 14 57 8 37 90 17 62 50 39 70 21 63 42 45 32 24 24 43 34 29 49 12 61 68 85 63 35 74 57 76 81 21 45 8 46 53 90 25 50 54 81 78 21 92 48 7 91 34 50 43 53 48 23 12 32 5 9 19 
37 75 15 42 83 100 95 24 19 70 38 44 48 9 72 72 6 50 55 63 59 42 1 11 3 22 79 15 3 11 9 79 12 92 71 71 20 43 28 41 33 98 24 47 51 4 51 56 42 74 43 21 8 67 23 53 55 34 28 54 5 19 28 57 27 22 52 82 83 54 10 82 75 38 7 61 7 56 29 47 41 95 31 18 1 49 39 57 37 62 97 32 20 52 18 62 22 44 41 96 
38 18 73 97 64 98 25 39 54 66 38 42 70 88 29 36 13 92 70 43 86 5 89 60 16 10 34 27 100 99 52 92 30 57 76 24 98 29 44 86 45 91 60 7 5 20 62 5 12 91 30 92 74 38 68 75 24 98 8 49 46 86 62 34 77 95 6 82 32 75 25 41 95 19 52 77 55 70 82 42 13 14 11 54 67 36 32 76 94 82 57 2 24 2 63 15 10 52 56 17 
39 91 66 82 86 64 11 15 62 9 59 76 65 85 14 93 22 90 10 64 48 90 25 44 28 7 30 38 3 5 33 60 1 8 31 38 87 51 71 51 93 35 13 3 83 35 84 36 23 53 61 2 80 48 74 84 62 61 49 98 85 98 19 81 95 32 77 96 17 68 2 16 92 50 42 62 16 78 42 62 21 79 50 30 25 34 76 47 99 88 84 89 70 49 31 2 90 23 54 36 
5 20 13 7 50 69 80 52 91 55 47 37 98 90 6 3 66 42 47 20 39 10 48 5 89 40 72 16 11 23 18 79 74 47 3 11 61 54 6 4 59 70 44 52 90 100 1 59 47 32 91 47 27 1 23 24 95 61 8 8 7 46 24 13 57 18 73 3 6 24 3 73 95 9 48 72 30 9 91 6 51 38 96 24 35 88 91 8 65 41 13 96 4 33 3 87 36 78 68 2 
52 72 50 49 93 42 58 37 12 15 64 39 50 49 80 82 9 63 56 79 66 56 84 46 99 60 36 42 98 42 14 7 53 80 8 67 85 3 72 20 44 11 74 71 67 52 53 15 13 61 2 48 48 52 17 43 67 18 89 79 42 12 96 77 49 51 84 97 56 14 94 41 14 57 24 69 53 26 20 72 7 52 31 49 81 46 9 99 32 6 6 2 26 18 47 47 38 48 49 89 
69 80 50 20 15 88 96 13 88 6 89 66 54 85 23 44 38 79 62 79 34 48 1 19 27 33 39 26 98 34 48 65 53 19 59 58 88 73 54 94 19 57 15 90 31 93 6 33 12 64 59 62 48 100 35 63 90 1 44 10 9 5 19 1 45 29 93 7 15 34 24 39 63 81 95 76 21 34 37 80 65 79 62 65 36 48 10 17 71 32 53 93 71 65 12 76 65 23 76 98 
17 22 43 55 63 77 14 73 10 81 60 7 15 91 81 34 91 31 42 98 9 34 94 66 55 11 14 81 14 98 80 83 21 59 54 42 18 18 87 77 15 90 44 80 69 85 61 68 63 28 25 44 93 46 47 46 26 16 10 13 73 42 99 79 100 20 15 85 38 29 40 75 35 61 68 79 38 2 89 29 19 95 55 41 75 61 20 27 54 77 44 9 22 36 70 35 9 38 91 97 
58 84 90 63 89 4 80 94 56 17 11 7 86 67 88 89 64 8 15 48 28 45 38 58 73 3 49 20 3 10 92 54 69 52 62 86 61 15 90 56 59 61 34 82 37 82 88 91 82 44 97 98 65 97 57 29 73 10 67 10 100 65 13 84 52 53 7 25 38 35 89 73 45 31 19 37 38 16 84 98 95 58 44 19 27 45 4 61 72 30 81 73 90 19 85 60 38 57 75 10 
56 58 39 5 91 90 77 26 48 95 73 35 74 47 98 67 74 3 10 98 16 62 39 1 95 40 53 86 99 21 45 97 29 19 25 77 66 77 1 54 19 14 6 77 23 14 32 17 96 71 37 80 52 30 86 1 49 73 23 88 30 94 7 57 1 6 64 51 85 81 13 75 68 14 1 71 72 16 72 83 54 25 30 25 70 95 61 91 91 30 18 10 8 59 72 41 64 60 22 56 
68 95 84 69 44 57 71 10 60 74 44 14 54 36 71 43 42 66 22 100 30 6 17 95 98 57 71 21 72 91 47 45 95 20 22 61 78 88 78 47 54 21 85 93 7 35 27 33 50 35 44 1 62 28 70 94 81 61 46 6 65 25 70 64 49 52 8 84 16 5 51 18 35 53 14 37 83 35 4 61 57 22 55 48 54 71 83 41 78 42 17 77 87 62 51 87 5 16 56 23 
73 75 11 44 57 93 88 71 11 48 50 93 14 84 64 83 52 100 19 11 31 40 61 33 12 62 64 19 65 83 10 98 10 92 23 60 97 100 16 22 40 73 80 37 66 56 24 50 88 75 21 71 9 89 24 89 83 71 96 61 8 75 88 61 27 1 5 13 29 98 92 18 62 3 35 98 44 35 53 10 97 1 44 57 78 17 75 64 81 40 40 7 90 98 71 81 12 91 97 10 
51 61 55 86 55 59 50 12 20 24 76 31 90 53 48 97 49 60 62 32 17 65 22 75 51 55 67 32 70 92 51 37 3 3 67 91 44 25 69 17 99 30 1 53 35 49 39 28 81 88 58 63 59 89 55 90 98 44 10 75 33 61 2 3 62 67 95 22 36 95 16 87 73 84 55 76 88 39 54 31 4 79 26 10 89 97 74 34 58 23 49 54 23 29 47 18 35 59 69 94 
100 91 11 49 24 91 5 28 82 2 51 82 1 72 84 63 90 54 18 69 69 15 78 62 81 37 5 9 62 97 2 41 87 77 10 48 51 4 65 74 20 31 96 89 36 62 56 54 65 23 68 50 42 4 97 93 87 30 6 26 12 49 70 57 94 76 83 70 50 52 50 70 24 62 21 86 4 76 66 82 95 49 90 73 64 70 27 69 13 74 67 39 15 22 67 26 21 78 59 47 
88 55 9 68 55 77 45 98 46 73 15 7 48 87 7 35 15 90 5 4 52 73 39 72 61 64 58 43 60 96 3 88 77 58 53 100 84 39 93 63 88 25 29 42 73 71 84 81 96 89 67 90 57 20 61 94 65 59 55 69 62 70 94 100 48 83 1 67 71 96 21 2 30 95 41 62 29 19 45 57 40 70 18 41 16 40 89 18 3 21 83 22 24 61 13 28 36 23 5 90 
16 76 1 97 18 70 63 79 56 64 22 55 73 5 29 47 16 37 86 9 71 52 75 5 94 58 68 61 27 33 67 58 83 57 99 97 71 71 52 35 84 8 79 68 39 12 77 19 5 39 19 52 36 35 3 12 37 91 28 3 42 62 85 50 68 21 77 50 92 51 77 60 45 71 82 42 95 85 20 93 78 12 56 1 21 28 8 81 25 80 92 63 58 72 14 56 64 58 72 74 
80 64 75 16 7 8 95 29 36 95 14 52 50 42 99 20 26 6 82 92 3 56 58 45 72 4 68 39 31 72 7 76 79 21 35 29 52 51 35 71 71 42 29 12 19 99 37 86 47 2 53 35 29 3 1 74 87 47 95 55 42 47 45 88 19 85 98 53 18 27 57 95 79 14 22 50 3 68 6 12 33 49 50 91 80 70 54 51 12 2 23 71 48 11 79 39 5 90 28 48 
11 42 67 8 61 14 29 81 70 40 45 5 67 18 79 91 51 23 89 54 15 16 5 93 28 6 99 67 92 61 48 42 72 80 89 3 66 12 55 13 98 47 44 30 84 97 57 26 3 12 51 56 34 12 20 12 62 96 16 20 9 87 17 11 59 27 1 72 99 48 12 86 86 45 45 98 96 4 100 75 19 80 96 79 47 5 70 8 82 76 57 10 78 45 25 83 77 11 46 32 
87 35 59 42 97 6 71 28 92 86 27 82 57 68 98 12 90 46 79 22 15 33 94 55 7 81 7 55 30 55 52 3 80 47 66 28 46 43 47 32 12 41 11 87 69 23 57 73 89 59 98 70 23 6 1 31 12 85 61 95 54 96 85 90 48 15 96 21 63 74 69 18 77 91 1 67 50 40 27 54 75 16 31 44 23 86 61 53 56 94 85 63 42 1 93 17 13 64 48 35 
74 27 90 74 10 63 56 46 5 54 6 79 28 2 14 73 96 54 8 45 36 87 70 6 97 36 71 51 9 2 72 5 72 40 82 42 42 20 34 89 60 93 11 97 5 76 2 54 2 90 92 2 15 26 50 16 81 44 61 26 11 94 18 96 91 67 2 100 74 44 83 44 52 80 95 27 50 96 66 54 11 9 53 39 96 73 42 6 62 35 45 12 23 76 27 31 6 50 92 24 
69 45 86 17 77 19 7 3 83 86 72 67 62 95 74 30 6 36 63 23 69 42 42 100 27 52 16 53 49 43 57 98 97 13 50 56 58 68 6 83 79 2 71 48 15 69 65 40 90 25 24 73 7 33 78 69 39 63 87 80 67 10 59 45 78 45 91 7 33 19 81 3 93 37 89 77 96 73 29 90 99 50 35 6 91 22 92 18 35 98 3 9 40 76 24 73 6 80 40 96 
34 84 65 1 72 54 69 90 21 36 45 15 24 98 60 41 24 55 90 48 100 72 79 100 25 11 75 43 24 99 59 76 14 92 97 65 10 8 95 41 93 58 92 42 56 58 23 64 83 82 34 43 78 35 63 36 6 81 20 4 32 11 35 96 82 50 98 76 36 22 29 94 36 26 68 93 25 74 80 11 12 17 87 40 43 12 48 22 64 47 6 95 53 97 50 81 57 11 50 94 
40 94 11 90 12 99 30 16 88 66 95 24 41 46 29 64 39 53 91 94 40 81 49 18 72 27 28 71 54 65 89 12 93 40 99 91 21 37 32 98 25 6 9 62 48 41 63 66 95 60 89 87 68 42 92 40 97 65 1 18 14 80 19 75 80 89 75 50 89 38 71 12 13 10 15 73 90 23 11 68 66 4 53 1 59 41 18 6 1 52 60 1 49 43 22 96 27 24 53 26 
27 3 52 74 52 14 26 60 79 78 29 4 74 71 77 11 12 22 23 60 100 19 18 5 36 58 11 83 4 82 14 27 41 90 4 44 13 22 100 35 6 69 47 89 8 14 25 43 42 47 26 85 6 92 49 44 96 13 68 53 93 81 23 57 5 58 6 62 41 81 91 27 76 4 24 53 61 44 14 21 23 29 44 80 43 85 35 81 21 78 56 81 67 1 15 33 56 82 99 71 
22 57 92 8 19 76 94 17 70 75 64 65 61 50 66 60 30 53 9 90 85 25 31 74 65 11 42 27 37 59 57 46 89 14 24 40 52 63 3 31 63 100 5 9 34 54 28 93 14 67 86 15 77 28 12 99 96 19 69 72 77 84 92 15 59 7 12 49 11 49 100 30 65 80 70 43 15 54 70 65 56 46 51 16 73 84 30 91 31 49 61 78 66 23 9 67 60 46 84 3 
15 29 30 74 17 83 17 24 22 100 33 21 39 13 40 96 67 1 77 1 35 21 59 64 88 17 33 54 35 72 82 11 75 73 9 19 86 60 87 80 94 32 48 38 28 79 41 32 7 40 98 9 10 93 61 15 57 63 22 61 11 51 19 39 31 98 25 73 50 1 70 98 9 23 62 80 5 10 31 44 73 98 63 38 64 75 72 93 59 70 11 25 57 93 37 31 17 45 84 4 
100 60 29 63 49 29 90 9 14 54 51 57 4 18 77 70 16 76 28 15 5 31 31 7 97 66 100 5 40 46 78 46 36 93 46 22 89 45 69 56 96 33 11 27 60 35 21 22 93 83 11 35 93 48 69 56 12 97 39 93 53 17 40 74 65 78 70 22 83 16 54 23 15 31 97 22 34 47 23 87 30 52 71 27 47 10 60 32 92 58 55 100 73 36 23 71 64 68 79 95 
100 80 65 36 83 81 46 8 47 58 14 74 14 29 14 86 62 37 4 61 17 36 34 26 99 16 71 12 88 89 79 54 11 82 19 18 88 87 34 2 63 44 10 40 71 45 37 71 15 29 13 72 85 33 80 85 13 31 82 52 42 53 18 92 52 94 32 9 47 47 2 53 90 16 32 40 41 21 3 34 47 70 22 72 8 69 57 13 90 74 31 74 64 99 11 9 50 51 14 65 
27 92 2 52 40 42 59 57 96 87 3 85 59 65 64 85 93 43 74 27 41 39 9 14 42 46 34 84 94 17 69 51 85 43 19 25 77 77 86 76 54 7 64 12 54 36 67 96 13 55 35 42 82 43 1 53 44 86 12 14 44 67 71 48 35 47 100 58 31 14 8 62 39 78 66 47 12 80 83 46 72 64 24 81 84 30 91 34 37 27 35 5 39 84 10 67 65 95 29 42 
25 97 28 49 33 92 62 27 46 94 76 41 18 66 93 57 30 60 29 74 42 22 62 31 73 18 74 50 85 39 65 48 100 11 6 57 74 4 95 65 80 42 64 17 48 9 68 48 44 42 38 48 42 33 3 31 91 1 77 76 29 38 72 100 46 29 52 11 3 98 21 41 68 58 40 71 3 68 3 5 53 64 82 47 63 24 46 70 39 49 28 87 92 15 98 75 9 9 1 94 
48 69 41 59 89 82 15 52 99 98 39 55 15 88 3 38 22 53 10 89 77 83 84 54 61 38 53 81 21 56 27 55 12 65 24 11 13 22 7 1 19 56 10 50 21 47 90 92 21 43 50 40 39 61 27 67 37 35 3 22 51 94 95 60 9 91 13 49 7 48 60 73 25 20 73 8 73 19 67 30 17 31 92 29 62 66 99 46 50 52 52 78 85 15 41 80 53 71 28 64 
19 19 80 93 95 81 60 80 67 69 95 7 24 19 79 60 83 53 57 100 24 2 33 40 46 60 16 93 2 52 52 41 97 73 22 12 79 13 52 61 49 76 17 57 61 83 37 37 70 42 63 47 100 70 28 21 72 49 50 25 89 30 72 27 67 97 33 66 90 94 82 23 74 17 69 67 77 31 73 97 37 100 83 61 42 3 76 57 99 26 71 66 44 97 74 43 54 7 80 33 
67 78 41 25 88 42 63 48 36 37 61 45 9 20 47 85 43 23 42 21 42 68 72 6 45 65 34 70 53 81 81 56 7 59 51 27 35 54 31 88 60 59 83 76 14 49 71 60 98 39 7 9 100 41 78 17 3 68 56 26 36 96 85 89 5 71 69 77 95 43 33 89 40 50 56 32 73 25 94 9 69 19 40 35 40 9 36 38 42 71 36 54 2 49 64 64 21 69 49 17 
38 83 18 24 14 68 65 52 49 44 75 97 73 42 100 87 61 83 10 46 52 25 24 78 85 72 67 53 74 49 87 35 15 48 78 38 94 38 66 85 2 46 81 70 11 25 84 54 58 45 94 35 52 66 13 30 6 15 97 5 78 43 34 80 12 30 44 55 26 37 94 20 85 22 41 35 3 48 15 74 36 86 74 67 24 90 68 82 49 96 86 71 62 78 60 34 55 35 30 83 
89 64 96 54 18 48 70 66 69 54 66 25 50 20 18 76 23 34 70 71 78 98 11 98 78 96 92 12 85 43 71 23 27 55 89 55 1 31 40 28 49 49 36 16 97 70 78 84 70 12 79 32 2 66 99 61 92 99 4 71 65 79 33 74 72 57 88 89 59 46 68 66 43 35 45 70 74 33 6 63 44 7 92 83 71 53 76 18 55 20 92 29 24 94 30 83 78 47 6 11 
3 44 20 49 27 37 72 86 79 94 94 94 86 71 24 92 83 44 55 18 60 50 91 70 11 26 17 96 94 12 75 41 86 16 50 27 77 99 89 46 56 74 98 17 14 30 24 80 78 47 51 87 32 8 18 45 96 19 87 57 40 89 33 28 22 12 22 97 45 57 50 6 75 59 2 61 66 16 30 74 85 88 91 6 86 99 67 16 99 63 93 88 37 37 22 38 27 93 9 29 
62 47 77 13 14 37 62 31 79 54 38 45 15 40 68 86 95 58 83 34 33 34 57 88 58 9 48 4 25 48 16 17 91 92 50 89 18 34 70 84 34 34 1 28 57 3 37 78 32 51 37 89 29 100 39 44 44 25 87 29 54 67 29 52 48 62 23 39 89 79 33 4 5 56 91 94 21 93 98 66 44 30 20 8 32 21 48 64 75 4 100 63 19 67 68 24 20 80 72 7 
4 25 23 9 49 81 55 36 58 98 39 24 65 72 45 54 79 50 36 95 37 58 44 26 41 72 73 83 72 34 32 7 36 32 27 85 27 65 93 71 48 49 56 9 51 70 13 12 94 15 82 25 61 28 84 82 92 28 93 31 60 40 20 97 51 93 15 26 69 17 62 56 45 63 51 78 27 33 50 86 67 48 43 74 32 50 9 2 9 97 30 85 56 93 70 14 62 13 77 81 
29 27 29 66 52 94 71 93 34 73 10 62 30 29 98 47 25 21 57 25 67 19 24 14 18 68 3 37 92 51 34 71 19 65 75 23 36 42 52 42 20 21 15 73 24 18 66 27 30 9 41 47 27 18 98 73 87 7 54 22 71 28 44 50 75 89 26 95 37 32 80 23 45 12 63 28 53 71 72 93 61 38 30 90 73 67 78 47 64 13 42 44 73 76 19 84 25 44 100 39 
64 16 45 68 97 87 94 5 47 63 52 77 95 10 54 10 56 84 77 74 15 71 68 59 78 70 47 19 74 93 20 46 11 14 73 97 25 14 80 82 97 25 9 69 92 58 12 74 48 89 7 84 36 36 82 99 95 79 86 36 90 84 34 63 77 86 3 99 80 72 95 28 21 56 88 71 3 46 16 56 49 42 94 21 33 97 46 20 35 43 44 94 26 37 1 49 95 74 19 51 
19 57 82 33 48 53 77 47 20 14 10 19 43 39 7 77 80 1 81 91 37 24 30 72 39 82 81 69 70 34 65 82 34 47 47 64 55 4 74 74 11 20 10 60 8 7 63 19 97 6 60 89 93 81 69 83 32 24 43 59 48 96 38 55 45 35 20 91 80 32 74 26 93 61 14 78 4 91 10 64 32 22 80 37 64 82 31 31 67 74 82 83 65 41 9 58 59 6 52 15 
74 76 91 59 28 41 72 33 86 72 39 25 47 67 88 29 27 55 47 96 34 37 58 60 85 93 61 63 39 51 82 50 68 58 38 37 42 63 63 93 79 92 71 3 48 49 71 99 96 25 22 70 4 57 76 65 76 90 72 80 82 91 48 20 93 90 58 1 49 10 41 35 62 4 72 10 86 45 14 73 63 41 30 21 72 75 8 81 38 60 84 89 60 98 10 95 35 6 93 16 
47 54 8 48 29 14 72 9 73 85 62 35 58 90 65 72 49 81 86 26 99 12 97 43 97 88 86 40 92 15 22 73 65 20 36 92 73 29 26 36 59 63 29 44 1 18 50 53 79 62 36 45 19 92 49 96 86 46 3 2 25 24 35 43 14 62 85 62 15 94 66 19 14 71 62 93 76 49 47 72 18 58 97 55 61 86 85 63 58 17 23 52 37 62 79 16 55 85 1 11 
20 56 49 97 62 12 84 61 89 69 7 37 67 75 42 64 96 17 71 95 31 79 62 92 92 98 66 22 49 69 64 15 72 7 31 79 58 26 73 35 78 66 76 24 58 80 28 27 64 55 43 45 18 5 67 62 23 44 67 3 14 5 67 63 3 23 34 72 68 94 97 62 34 74 58 89 48 4 61 100 64 76 44 24 76 37 73 54 54 42 6 11 100 61 77 4 73 80 22 69 
89 52 57 56 8 13 62 75 62 24 50 18 68 70 60 20 46 86 21 51 83 42 57 55 34 7 82 71 15 10 43 52 86 4 72 3 6 46 18 9 56 42 69 79 96 54 23 68 99 97 42 95 82 67 5 59 11 29 74 33 50 32 57 57 56 6 45 46 13 53 34 30 13 14 83 67 6 34 23 65 31 66 65 49 45 89 38 63 86 68 75 91 29 45 81 97 96 38 54 41 
2 98 55 44 8 84 29 25 81 9 20 97 52 38 33 80 10 8 39 27 21 35 19 37 53 66 48 73 37 57 99 67 27 53 79 49 90 15 96 75 15 99 44 49 1 50 13 54 15 43 44 6 48 23 55 8 31 26 54 67 87 60 11 100 18 55 22 19 54 13 65 18 20 19 44 33 40 1 83 61 16 30 98 86 80 90 84 32 62 4 16 69 100 19 73 9 19 97 15 77 
8 51 2 60 24 52 71 88 66 62 97 91 37 64 5 44 68 64 49 21 40 99 29 21 55 83 69 66 100 88 68 92 57 81 39 3 12 28 79 91 14 83 17 11 90 4 13 68 92 52 33 13 6 70 73 62 65 45 7 71 47 2 58 98 59 49 87 56 98 44 67 85 23 42 81 91 1 67 17 45 20 66 95 88 12 61 96 59 35 83 32 96 2 80 45 54 53 26 67 62 
99 55 1 78 42 57 38 82 11 43 7 46 95 54 27 76 75 36 87 17 32 60 77 21 23 25 35 60 72 41 88 56 98 16 42 93 73 10 4 15 41 11 64 29 20 22 35 12 96 8 49 34 77 92 76 33 2 18 97 84 19 50 51 54 44 35 8 9 53 23 1 11 74 74 78 16 23 34 5 58 74 56 33 2 38 69 47 76 11 18 50 89 28 99 62 22 82 14 64 99 
35 41 47 23 74 9 42 86 15 30 36 90 79 10 96 34 41 7 89 71 15 56 12 89 92 27 85 63 52 12 98 50 98 70 67 59 86 52 73 30 86 84 84 7 83 12 13 63 76 64 58 45 3 19 90 14 93 15 41 15 85 76 64 45 55 63 93 70 100 94 100 18 76 30 98 80 59 23 17 22 15 41 52 14 84 82 18 92 32 15 8 61 22 69 68 54 99 72 72 13 
48 35 64 56 82 77 29 46 46 50 88 33 22 96 39 31 96 12 97 47 44 64 30 9 29 10 54 57 62 29 49 20 84 94 58 90 59 93 1 90 67 96 36 10 66 13 28 41 21 96 70 32 46 50 90 67 49 56 65 35 85 36 36 7 42 32 46 87 53 71 99 78 22 29 50 31 12 91 97 71 58 82 24 30 50 79 81 27 81 10 54 39 32 63 1 13 100 31 30 69 
95 76 22 60 30 47 12 77 98 55 4 1 27 89 89 86 65 53 37 33 99 89 70 81 10 51 22 98 13 30 16 82 21 36 43 41 34 38 72 49 26 1 78 60 45 20 37 19 27 48 99 24 14 11 65 87 34 94 42 50 15 87 29 84 4 88 13 5 33 83 24 89 95 85 26 22 50 69 91 5 64 13 72 72 3 31 92 84 36 69 15 85 85 40 20 94 73 83 71 14 
98 87 25 33 37 39 100 61 10 26 45 86 71 21 12 66 66 58 72 12 83 26 9 21 67 59 3 15 26 72 66 42 65 33 54 97 80 7 82 52 19 37 75 87 69 71 19 85 58 72 54 1 63 52 19 43 89 72 39 57 50 71 52 10 58 84 34 18 32 4 24 36 60 49 62 55 49 22 47 21 19 86 3 11 77 2 32 93 9 98 58 17 58 12 89 20 84 11 11 64 
7 55 43 49 68 28 51 8 48 65 46 6 37 26 39 69 27 60 67 75 91 35 7 56 72 21 46 29 84 75 83 60 44 61 46 70 100 54 64 48 11 4 86 36 12 90 4 31 26 13 52 79 63 16 80 100 80 41 58 36 73 56 61 51 1 94 98 11 97 45 15 15 85 56 28 84 99 54 64 19 63 85 9 28 42 57 69 71 69 78 18 42 61 41 62 39 92 47 3 89 
44 23 23 86 55 28 9 9 32 24 89 22 34 94 53 50 80 88 8 43 76 39 43 57 85 51 83 20 66 67 64 68 12 48 96 3 60 22 9 54 73 76 27 75 78 100 58 76 64 1 76 10 34 47 69 17 71 10 60 84 52 25 95 89 95 81 46 98 93 98 67 69 40 38 41 38 96 14 77 49 100 57 6 56 16 77 50 50 94 96 41 12 39 37 26 14 32 70 89 34 
40 88 64 75 62 10 68 58 11 14 3 59 87 98 41 43 66 28 45 58 76 23 51 44 70 65 70 82 42 58 3 52 99 71 21 66 96 57 100 67 62 53 75 87 1 27 71 68 84 67 89 37 32 41 19 72 76 41 68 40 83 59 34 89 4 73 89 31 66 96 54 70 87 75 40 68 22 99 41 23 50 76 4 74 56 37 78 3 42 6 81 96 57 15 38 27 67 7 16 12 
44 2 30 91 20 22 80 33 64 87 52 33 57 24 85 68 78 66 78 7 33 64 59 93 10 72 49 35 18 51 56 14 2 34 58 23 58 19 70 62 96 32 49 74 67 79 34 98 24 64 87 45 2 37 58 65 55 67 38 50 29 26 33 87 52 56 37 82 95 57 9 25 5 69 85 57 46 31 27 56 56 93 78 66 46 36 83 39 75 25 93 62 77 1 89 76 42 71 85 18 
7 12 54 11 17 65 16 85 27 8 100 13 9 97 100 58 7 24 29 44 7 86 95 97 59 62 49 8 16 14 44 100 27 42 70 83 32 61 97 8 42 27 25 69 81 57 24 30 73 64 36 4 66 94 50 90 87 73 34 75 92 56 95 27 68 43 42 67 9 11 56 91 7 90 56 65 16 67 83 56 51 74 52 49 92 14 68 47 19 78 3 100 74 75 93 70 31 35 59 97 
27 3 40 65 93 60 10 44 21 95 92 58 58 21 6 67 10 1 21 94 85 52 52 29 4 4 3 18 60 59 82 73 6 48 46 36 36 20 89 39 17 10 9 37 36 68 78 33 68 23 40 47 100 52 5 84 86 40 92 61 18 81 83 42 49 37 69 52 35 61 20 12 91 92 49 1 61 30 100 36 68 20 7 13 57 19 9 22 81 96 14 36 75 70 68 50 60 87 86 73 
87 38 9 40 100 60 32 32 30 9 36 61 67 79 75 49 18 70 2 36 63 13 44 72 39 92 36 70 10 61 50 7 80 96 32 42 9 58 59 56 73 70 62 71 82 54 85 24 73 52 31 1 98 34 99 29 78 2 95 76 17 32 89 86 49 22 6 32 80 25 30 6 28 16 49 65 46 56 2 20 96 82 56 65 43 79 15 45 32 94 12 4 58 46 48 27 88 50 44 26 
33 13 97 46 87 16 66 25 77 68 9 26 94 65 72 94 96 25 14 79 58 55 80 23 72 84 17 97 100 38 90 54 8 16 25 71 6 39 17 9 26 89 20 71 28 17 22 39 76 2 38 99 94 91 67 79 56 32 95 60 93 44 2 66 88 15 7 52 19 52 67 23 58 46 71 40 1 8 76 21 89 34 50 50 43 70 79 50 39 98 4 28 28 71 72 65 1 95 28 63 
48 67 66 69 72 15 80 33 46 59 75 11 84 63 20 11 28 83 15 51 91 63 12 78 44 26 91 98 1 44 64 39 62 30 6 40 71 83 51 15 33 42 9 100 48 43 69 93 75 78 55 57 64 22 82 6 3 43 26 74 85 49 39 87 63 97 36 2 2 81 32 48 46 33 10 47 2 45 2 68 8 54 12 2 51 99 12 24 96 99 100 23 51 20 58 93 5 68 8 18 
49 56 5 65 68 46 98 52 69 98 61 73 46 71 36 57 92 81 51 54 66 66 44 73 76 100 39 76 1 56 3 49 8 73 18 45 53 93 5 1 13 34 8 2 18 34 36 2 59 25 64 75 66 81 4 91 76 34 23 13 72 54 62 71 35 80 89 47 59 66 62 56 69 32 85 33 46 70 72 54 67 41 58 79 68 42 51 76 3 79 12 36 29 98 11 81 82 40 36 16 
20 40 23 37 52 15 20 13 15 42 48 32 34 5 91 14 76 60 53 73 42 29 54 37 78 57 91 43 78 90 56 56 38 81 43 67 97 81 61 16 10 64 20 50 57 34 11 75 60 37 71 99 14 69 61 81 52 18 43 46 77 53 39 23 58 8 14 84 5 72 86 58 72 80 75 79 52 87 83 62 38 22 86 84 32 46 69 36 43 37 1 5 45 73 55 52 87 9 36 14 
19 19 2 65 16 27 95 10 16 4 88 12 9 5 36 10 14 26 12 76 29 37 59 56 46 74 28 16 45 74 15 45 100 35 48 42 74 30 87 38 37 37 65 89 37 57 38 12 34 28 18 45 9 80 6 36 82 39 22 78 50 70 91 94 79 70 12 3 87 30 77 53 63 22 36 92 79 61 27 5 49 98 71 23 98 13 12 62 3 60 11 73 9 27 50 74 90 30 30 69 
91 9 2 76 26 56 82 30 44 16 84 29 47 26 14 98 19 59 70 43 4 54 15 22 55 51 49 80 61 87 85 73 44 43 61 28 10 38 62 29 97 95 51 66 16 42 15 62 74 81 63 39 34 15 56 3 84 96 100 54 30 18 9 44 9 75 12 51 2 87 96 48 96 45 9 79 61 10 48 85 64 20 28 58 58 60 15 8 24 61 15 72 43 69 89 14 52 84 43 21 
51 15 70 68 93 22 51 61 67 16 82 38 92 52 8 42 96 89 28 36 25 10 34 93 14 26 53 33 9 97 84 90 26 11 52 78 88 36 73 42 55 52 73 37 6 63 93 32 5 9 35 42 39 6 16 99 18 81 37 48 26 99 27 13 44 43 64 50 74 92 31 35 78 83 20 9 42 68 65 49 98 56 98 93 93 18 83 76 97 33 14 16 51 82 66 91 81 87 94 53 
48 45 22 36 20 98 86 70 49 36 39 26 1 94 88 66 31 83 70 72 97 45 23 78 63 11 34 22 36 98 76 35 34 15 70 57 21 96 61 79 75 70 36 47 1 89 71 44 99 93 95 82 84 25 48 12 18 88 17 59 62 13 62 54 64 54 25 88 27 91 95 68 36 24 47 17 51 80 100 42 26 23 95 8 19 26 92 44 50 99 97 69 14 81 12 76 39 16 97 18 
30 42 4 19 39 78 65 38 22 52 58 72 30 50 48 93 32 89 30 6 12 54 87 79 1 86 32 92 5 2 80 12 20 50 68 86 12 92 34 74 79 27 11 97 71 24 72 3 64 100 34 87 92 53 59 47 26 5 60 34 54 98 70 93 57 83 91 89 31 67 36 64 84 69 58 91 28 66 6 80 41 15 36 41 86 89 81 100 27 12 12 49 3 66 83 39 12 75 59 37 
83 47 36 8 17 82 65 92 80 22 33 79 92 94 26 37 60 95 15 82 51 79 91 25 38 15 18 58 27 27 80 58 71 19 40 53 43 59 60 39 62 80 43 93 83 80 10 64 88 30 16 65 78 57 50 57 3 18 33 80 61 63 54 50 16 55 29 47 63 30 69 5 16 71 77 92 25 93 90 71 75 14 45 60 11 23 56 58 57 68 2 69 59 88 58 73 8 64 61 34 
62 44 3 22 84 60 52 26 20 69 63 74 99 80 22 81 33 6 47 57 26 36 27 24 66 57 57 48 25 16 54 10 64 2 92 61 99 91 96 90 73 47 15 63 67 42 8 95 8 48 34 43 27 55 16 39 28 2 79 85 16 27 2 69 38 27 69 17 56 35 85 47 8 49 16 71 65 64 93 18 46 32 62 43 85 30 63 26 79 95 57 61 68 42 86 97 22 8 86 93 
37 76 82 78 41 86 86 3 8 86 33 43 88 52 92 25 57 70 5 18 94 69 58 25 71 35 44 32 55 80 100 95 57 51 43 44 84 39 6 56 26 76 94 90 93 50 8 63 1 17 97 53 43 77 7 53 59 16 85 88 42 8 56 85 56 76 2 57 72 91 92 44 34 100 27 57 11 96 39 44 68 28 27 50 49 20 38 17 37 57 21 21 53 36 89 22 81 77 75 20 
